230001	8.79	9.35	8.19	7.35	8.34
230002	5.85	7.09	7.41	8.19	7.17
230003	5.9	7.22	9.5	9.38	8.09
230004	7.1	6.59	6.78	7.4	6.99
230005	6.73	7.72	7.74	8	7.56
230006	6.62	7.11	6.79	7.7	7.02
230007	5.13	5.72	3.69	6.2	5.14
230008	5.42	4.8	7.28	8.12	6.48
230009	8.1	6.76	7.85	6.86	7.37
230010	8.04	7.76	8.38	8.63	8.23
230011	7.5	7.5	7.14	8.13	7.56
230012	9.88	9.61	9.58	10	9.77
230013	7.85	8.26	8.46	8.34	8.23
230014	7.1	6.78	7.18	6.28	6.85
230015	9.54	9.87	9.61	9.8	9.7
230016	7.04	7.46	6.9	8.16	7.39
230017	9.77	9.63	8.56	9.6	9.36
230018	7.62	7.76	9.15	9.52	8.57
230019	8.63	9.28	8.49	8.68	8.75
230020	9.27	9.61	9.4	10	9.57
230021	6.69	7.89	7.6	8.74	7.73
230022	9.44	9.02	8.3	8.26	8.73
230023	9.08	8.76	8	8.63	8.6
230024	7.88	6.5	5.88	6.68	6.75
230025	8.96	9.11	8.43	8.79	8.79
230026	7.08	5.96	6.08	5.16	6.04
230027	7.73	7.76	6.26	7.23	7.26
230028	7.85	8.35	6.12	7.06	7.29
230029	6.77	7.33	6.71	5.12	6.43
230030	8.98	8.93	7.67	7.96	8.37
230031	7.94	9.2	10	10	9.3
230032	7.5	8.52	7.91	9.42	8.36
230033	5.56	7.07	9.18	8	7.47
230034	6.69	6.96	7.52	7.51	7.19
230035	8.42	8.5	7.1	7.89	7.92
230036	7.44	6.72	7.69	7.43	7.35
230037	8.58	8.48	7.5	8	8.11
230038	4.71	5.17	5.35	5.52	5.19
230039	7.27	7.13	9.86	8.57	8.17
230040	4.67	5.35	6.73	5.44	5.57
230041	3.87	3.93	3.52	6.62	4.44
230042	8.13	8.35	8.26	8.13	8.21
230043	9.48	8.91	8.75	9.4	9.15
230044	6.96	7.3	6.8	7.17	7.05
230045	5.96	5.26	3.6	5.03	4.91
230046	6.83	6.09	6.47	7.68	6.8
230047	3.92	4.26	4.66	5.87	4.69
230048	6.69	6.74	7.8	7.54	7.22
230049	9.21	8.93	7.93	9.25	8.83
230050	7.04	6.85	6.33	8.38	7.13
230051	6.35	7.48	8.11	9	7.73
230052	8.81	9.63	8.18	9.45	9
230053	8.37	7.3	7.35	7.26	7.56
230054	7.21	7.04	7.5	8.39	7.57
230055	2.37	3.74	0.75	0	1.7
230056	7.62	7.65	6.91	7.31	7.36
230057	8.9	8.07	7.53	9.61	8.5
230058	7.44	7.5	5.58	5.26	6.38
230059	5.77	7.04	7.18	7.72	6.92
230060	7.81	7.59	8.58	7.93	8.01
230061	6.44	5.67	8.6	6.54	6.78
230062	8.65	8.85	9.63	9.46	9.18
230063	3.98	3.3	4.19	5.49	4.33
230064	4.25	4.17	6.65	7.9	5.86
230065	6.5	7.13	6.2	6.52	6.57
230066	5.12	6.67	7.2	7.95	6.81
230067	6.13	6.67	8.54	8.76	7.56
230068	2.42	0	0	0	2.42
230069	5.87	6.39	6.75	6.48	6.37
230070	7.96	8.02	7.28	7.75	7.73
230071	7.25	6.89	7.78	8.05	7.53
230072	6.85	7.65	8	7.33	7.47
230073	6.52	7	8.04	8.47	7.55
230074	7.29	6.41	7.31	7.39	7.13
230075	4.69	5.07	4.25	4.24	4.53
230076	5.13	6.72	7.68	8.24	7
230077	6.02	5.07	2.48	0.91	3.52
230078	7.29	7.48	8.88	8.76	8.12
230079	6.33	6.41	7.97	8.14	7.29
230080	6.77	6.72	7.24	8.07	7.23
230081	7.08	7.61	8.39	8.24	7.86
230082	6.52	6.43	6.05	6.06	6.26
230083	7.25	6.74	9.7	9	8.26
230084	9.1	9.3	6.93	8.31	8.34
230085	9.29	8.65	8.49	9.48	9.02
230086	7.58	7.93	7.86	9.22	8.18
230087	6.67	7.24	6.98	8.22	7.26
230088	7.25	7	7.08	8.08	7.39
230089	6.62	7.17	7.74	9.33	7.78
230090	7.77	8.28	7.93	8.36	8.08
230091	5.08	6.17	5.26	6.28	5.69
230092	6.12	7.04	8.81	8.54	7.61
230093	7.04	6.74	7.28	8.08	7.33
230094	8.33	8.04	9.13	9	8.66
230095	7.62	7.78	8.43	7.9	7.93
230096	6.35	7.72	7.48	8	7.4
230097	6.12	6.52	6.88	7.19	6.7
230098	8.79	9.07	9.69	9.74	9.34
230099	8.9	9.09	6.57	7.67	7.99
230100	8.9	7.24	3.5	7.49	6.92
230101	9.46	8.98	9.82	9.47	9.46
230102	6.92	7.02	7.02	7.71	7.19
230103	8.69	9.11	8.46	9.15	8.85
230104	8.27	8.65	9.08	8.79	8.72
230105	9.56	8.67	9.24	9.62	9.3
230106	6.9	6.8	6.32	5.12	6.28
230107	5.87	8.65	7.19	5.61	6.76
230108	9.46	9.22	10	10	9.7
230109	7.33	6.8	7.74	8.22	7.57
230110	2.96	4.13	2.56	2.98	3.11
230111	2.5	2.35	1.62	3.49	2.44
230112	7.83	8.33	9.69	8.4	8.58
230113	3.37	3.36	3.77	3.03	3.36
230114	6	5.48	9.89	8.62	7.61
230115	7.87	8.72	9.24	9.78	8.95
230116	6.38	8.3	7.63	8.13	7.6
230117	8.87	9.61	8.24	9.74	9.05
230118	3.27	4.74	4.13	5.07	4.3
230119	7.67	8.61	7.41	7.69	7.8
230120	7.94	8.11	7.28	7.05	7.56
230121	7.81	7.22	8.11	8	7.82
230122	7.19	8.09	8.41	8.35	8
230123	7.04	6.91	6.4	3.82	6.1
230124	6.65	6.96	6.64	8.04	7.03
230125	3.27	3.57	6.67	7.76	5.45
230126	5.92	6.72	7.54	8.4	7.19
230127	8.15	7.7	8.09	8.04	8
230128	6.75	6.65	7.19	7.36	7
230129	8.27	8.43	8.45	8.81	8.5
230130	7.4	7.98	8.41	7.26	7.77
230131	0	0	0	0	0
230132	4.65	4.7	7.47	7.6	6.17
230133	8.06	7.48	6.78	9.05	7.89
230134	5.75	5.98	6.02	5.42	5.8
230135	7.96	7.13	6.67	8.04	7.44
230136	6.27	5.98	6.81	7.31	6.63
230137	7.98	7.8	10	9.52	8.82
230138	5.63	7	6.76	6.61	6.49
230139	4.42	4.33	2.56	3.16	3.54
230140	9.88	9.87	9.29	9.26	9.58
230141	7.23	8.41	6.68	6.84	7.25
230142	8.33	9.37	8.4	9.49	8.88
230143	9.31	9.61	9.02	9.4	9.32
230144	7.33	7.17	4	6.27	6.15
230145	7.65	7.46	8.37	8.22	7.96
230146	6.77	6.33	7	6.39	6.63
230147	5.63	6.35	7.72	0	6.61
230148	9.67	9.48	9.46	9.73	9.6
230149	6.71	7.07	6.64	7.02	6.85
230150	7.33	7.11	7.4	8.1	7.51
230151	7.4	7.8	7.8	8	7.76
230152	7.48	7.52	7.74	8.07	7.72
230153	7.6	7.13	8.19	7.59	7.65
230154	8.13	8.72	9.6	9.39	8.99
230155	6.31	5.93	5.85	6.7	6.21
230156	8.19	7.5	6.19	8	7.44
230157	6.21	5.13	6.54	6.7	6.19
230158	6.17	8.15	7.02	6.54	6.93
230159	3.81	4.83	5.24	4.33	4.57
230160	7.23	5.87	7.08	7.22	6.89
230161	3.71	4.26	3.1	2.97	3.47
230162	4.9	5.22	5.04	6.28	5.37
230163	5.88	6.78	5.76	6.7	6.26
230164	3.17	3.65	3.69	3.62	3.54
230165	7.81	8.24	8.66	6.77	7.86
230166	5.5	6.22	6.77	8.33	6.76
230167	4.75	4.46	4.39	2.93	4.12
230168	9.15	9.07	7.92	9.19	8.83
230169	6.35	5.89	6.65	6.43	6.34
230170	7.52	8.2	8.25	7.67	7.9
230171	6.71	7.8	6.51	5.45	6.54
230172	8.04	8.67	8.24	9.64	8.65
230173	8.5	8.8	7.13	7.29	7.87
230174	7.87	7.93	7.71	8.53	8.01
230175	8.63	9.04	8.79	9.32	8.94
230176	3.75	4.24	5.41	6.49	4.96
230177	8.02	7.35	7.63	7.72	7.69
230178	8.08	7.74	7.02	7.51	7.56
230179	7.56	7.7	7.72	9.07	8.04
230180	4.31	6.04	6.58	7.17	6.06
230181	7.92	7.28	7.86	9.43	8.18
230182	8.13	7.26	7.28	8.03	7.69
230183	8.02	8.54	8.44	9.29	8.59
230184	7.54	7.89	6.3	7.49	7.27
230185	9.15	8.8	9.32	9.32	9.16
230186	8.85	8.93	9.4	10	9.31
230187	7.79	8.72	8.18	8.89	8.39
230188	6.83	7.02	6.63	7.48	6.96
230189	9.71	9.74	9.71	9.91	9.77
230190	9.04	9.48	7.98	8.47	8.69
230191	9.83	9.46	9	9.24	9.37
230192	9.4	9.48	8.51	8.67	9
230193	9.77	9.37	9.61	9.89	9.66
230194	5.52	6.61	5.83	4.72	5.62
230195	5.38	3.87	5.97	3.81	4.79
230196	7.73	8.65	8.39	9.63	8.64
230197	7.69	7.5	5.34	6	6.57
230198	9.06	9	9.38	8.86	9.09
230199	6.23	6.91	5.88	7.17	6.48
230200	6.48	7.39	7.42	6.95	7.06
230201	5.73	7.98	9.3	8.76	7.98
230202	4.6	5.33	3.57	2.81	4
230203	8.75	8.54	9.8	10	9.32
230204	8.92	9.39	8.53	9.61	9.12
230205	7.63	6.59	7.85	9.48	8
230206	7.13	7.2	7.22	7.54	7.28
230207	8.33	8.85	9.56	9.09	8.99
230208	9.29	8.52	7.8	9.37	8.75
230209	8.13	9.33	9	8.38	8.7
230210	7.38	7.41	8	8.37	7.81
230211	7.37	8.57	8.54	9.02	8.39
230212	7.52	8.39	9.59	9.38	8.76
230213	9.29	9	6.24	6.74	7.73
230214	6.08	6.35	3.65	4.29	5
230215	7.37	8.3	7.72	8.2	7.89
230216	9.15	8.39	8.35	9.16	8.76
230217	9.13	9.37	9.54	9.81	9.48
230218	6.75	5.93	6.57	6.34	6.41
230219	5.44	7.11	8.04	7.47	7.01
230220	6.15	6.5	5.87	5.68	6.07
230221	8.63	8.07	9.13	9.21	8.81
230222	5.25	4.67	4.5	5.82	5.09
230223	7.23	8.13	7.96	8.7	8
230224	9.83	9.85	9.44	9.55	9.65
230225	5.33	5.17	6.57	6.8	6.03
230226	3.58	3.5	4.11	3.4	3.65
230227	7.27	7.46	8.39	8.61	7.98
230228	8.13	8.33	7.05	8.18	7.89
230229	7.48	7.22	8.19	9.25	8.09
230230	7.25	6.89	6.32	7.34	6.95
230231	8.67	8.87	8.4	8.69	8.64
230232	8.92	7.93	6.98	7.85	7.89
230233	7.79	6.7	7.57	7.98	7.55
230234	9	8.98	8.82	9.82	9.17
230235	7.56	7.15	6.84	7.68	7.32
230236	6.6	6.54	7.59	8.11	7.27
230237	6.6	5.35	4.96	3.52	5.04
230238	7.6	9.11	8.44	9.4	8.62
230239	7.31	7.76	7.39	7	7.35
230240	7.42	7.22	8.07	8.18	7.76
230241	7.58	8.76	9.1	9.16	8.67
230242	5.44	6.72	6	4.55	5.76
230243	9.25	8.67	7.6	8.46	8.48
230244	7.71	8.41	8.02	8.34	8.12
230245	4.46	6.46	5.98	6.4	5.82
230246	9.13	8.65	7.62	7.86	8.28
230247	4.12	6.28	5.26	2.74	4.5
230248	8.58	7.96	7.48	7.21	7.77
230249	6.92	7.07	7.88	8.74	7.7
230250	7.96	7.96	8.24	8.74	8.24
230251	0	0	0	0	0
230252	6.79	7.28	7.8	8.16	7.54
230253	8.9	8.78	8.02	7.93	8.37
230254	7.96	8.52	8.1	8.46	8.25
230255	8.79	9.11	9.06	9.22	9.05
230256	7.88	9.09	8.62	9.51	8.73
230257	8.38	6.85	4.79	6.88	6.72
230258	9.23	8.13	9.29	9.95	9.2
230259	7.31	6.91	6.09	7.69	7
230260	6.85	6.67	6.84	6.57	6.73
230261	6.37	6.98	8.52	8.34	7.6
230262	6.83	7.67	5.43	7.28	6.86
230263	6.94	7.11	6.7	6.83	6.88
230264	8.69	8.83	8.92	9.83	9.07
230265	7.5	7.72	7.24	6.42	7.19
230266	6.29	6.59	6.86	6.3	6.51
230267	8.67	9.59	9.8	9.81	9.48
230268	4.65	5.33	6.3	6.19	5.65
230269	8.69	6.8	8.58	6.95	7.78
230270	6.94	7.39	7.71	8.31	7.63
230271	6.31	6.09	5.47	2.61	5.05
230272	8.77	9.2	9.16	9	9.03
230273	4.94	5.2	6.31	6.11	5.69
230274	7.83	7.89	7.19	6.86	7.43
230275	6.65	7	9.34	9.68	8.2
230276	7.92	8.26	9.15	9.52	8.72
230277	6.12	6.09	5.53	6.46	6.03
230278	7.27	7.67	7.29	7.19	7.34
230279	4.85	5.43	4.19	4.4	4.7
230280	7.08	6.93	7.85	7.64	7.39
230281	1.33	2.98	1.86	0	1.47
230282	6.46	5.2	5.85	5.73	5.83
230283	4.92	4.26	5.78	6.34	5.39
230284	3	3.5	0.71	0.33	1.69
230285	4.83	4.11	5	6.14	5.07
230286	6.54	7.15	8.63	8.41	7.73
230287	6.83	7.59	7.6	7.83	7.46
230288	6.56	6.24	6.5	7.65	6.77
230289	7.65	8.11	8.31	8.23	8.09
230290	7.38	8.04	7.91	8.45	7.95
230291	6.79	5.7	5.46	6.22	6.03
230292	3.29	5.63	2.48	4.45	3.89
230293	9.81	9.61	8.96	8.49	9.2
230294	8.62	8.8	8.4	9.18	8.75
230295	5.65	5.57	6.4	6.02	5.9
230296	2.54	4.83	5	7.17	4.83
230297	9.19	9.37	9.54	10	9.55
230298	9.77	9.57	9.4	9.82	9.64
230299	3.15	3.78	3.68	5.84	4.17
230300	6.27	6.57	7.73	8.11	7.22
230301	4.52	5.74	4.34	5.28	4.93
230302	7.81	7.3	6.75	7.09	7.23
230303	5.02	5.52	7.33	5.19	5.81
230304	6.02	6.93	6.24	8.1	6.86
230305	8.42	8.46	8.67	7.9	8.36
230306	0	0	0	0	0
230307	8	7.59	7.91	8.42	7.99
230308	1.5	3.8	2.71	2.47	2.59
230309	6.44	5.74	7.93	6.94	6.81
230310	5.92	7.63	7.02	8.04	7.15
230311	7.92	7.54	6.84	8.79	7.81
230312	8.33	8.93	8.96	9.57	8.95
230313	6.58	6.09	5.75	8.37	6.69
230314	7.88	8.43	9.03	8.74	8.55
230315	7.63	7.96	8.57	8.44	8.15
230316	7.48	6.46	7.24	6.11	6.78
230317	9.4	8.93	8.51	9.35	9.04
230318	8.46	9.07	9.61	8.91	9.03
230319	7.37	7.67	8.6	8	7.95
230320	6.17	6.35	3.36	3.7	4.78
230321	6.17	6.41	5.46	5.19	5.78
230322	7.19	7.91	7.45	7.6	7.53
230323	6.21	5.91	8.06	7.7	6.99
230324	7.92	7.54	5.44	6.39	6.77
230325	8.44	8.13	7.31	8.96	8.24
230326	7.92	8.35	9.1	8.4	8.47
230327	5.65	4.24	4.86	4.95	4.95
230328	3.23	2.48	2.11	2.9	2.67
230329	6.9	6.76	7.08	7.4	7.06
230330	8.02	8.17	8.19	8.42	8.2
230331	8.17	8.98	8.91	9.1	8.8
230332	8.6	7.59	8.29	7.72	8.05
230333	4.69	5.63	4.22	5.31	4.93
230334	4.46	4.7	1.22	3.84	3.46
230335	8.13	7.65	7.42	5.95	7.34
230336	6.42	6.46	6.22	6.92	6.5
230337	8.54	8.52	7.98	7.67	8.15
230338	7.44	7.2	6.39	6.62	6.93
230339	6.73	6.98	7.14	8.26	7.31
230340	5.67	6.52	6.47	6.21	6.22
230341	6.19	6.96	7.41	8.3	7.23
230342	7.56	7.89	9.63	9.28	8.64
230343	8.12	7.98	8.19	8.3	8.16
230344	5.63	5.83	6.6	5.71	5.97
230345	8.65	9.09	8.16	8.83	8.66
230346	8.98	7.2	7.16	6.07	7.32
230347	3.38	3.54	4.77	4.78	4.14
230348	5.73	5.33	6.12	5.24	5.6
230349	6	6.46	5.72	7.21	6.35
230350	2.58	3.09	4.19	3.97	3.51
230351	6.23	6.35	7.28	7.39	6.85
230352	8.54	8.54	8.39	8.61	8.52
230353	7.25	7.46	8.2	8.87	7.97
230354	8.38	8.78	8.16	8.62	8.47
230355	7.83	7.8	8.33	7.45	7.83
230356	6.67	6.65	6.26	4.86	6.1
230357	5.38	5.83	4.11	5.48	5.22
230358	8.08	8.37	8.4	9.24	8.53
230359	7.85	7.7	7.84	9.03	8.14
230360	6.13	5.5	7.5	6.77	6.54
230361	4.58	0	0	0	1.59
230362	5.94	8.65	9.29	9.35	8.31
230363	4.94	4.93	4.1	3.6	4.36
230364	9.19	8.96	8.77	9.58	9.13
230365	6.58	8.07	8.47	9.17	8.1
230366	5.67	5.74	6.16	5.17	5.71
230367	6.42	7.22	6.28	8.11	7
230368	4.31	2.8	3.83	3.47	3.63
230369	5.79	4.2	2.72	2.66	3.77
230370	7.23	8.11	7.53	8	7.73
230371	8.38	8.43	8.11	8.8	8.43
230372	8.69	7.5	7.06	7.72	7.72
230373	4.58	3.98	1.27	1.36	2.77
230374	6.02	6.2	2.55	5.26	4.93
230375	4.5	3.59	4.82	6.72	5
230376	7.96	4.48	3.69	4.88	5.26
230377	8.06	7.46	7.45	6.97	7.47
230378	8.06	8.8	8.19	9.06	8.51
230379	7.38	6.72	7.22	6.09	6.85
230380	8.48	7.96	9.08	9.38	8.78
230381	7.29	7.98	6.42	8.84	7.62
230382	7	4.39	4.94	5.61	5.49
230383	8	8.02	7.02	9.14	8.01
230384	7.92	7.76	8.81	9.11	8.45
230385	6.44	7.24	8.46	7.24	7.36
230386	6.94	7.7	7.9	7.12	7.41
230387	6.19	7.24	6.56	6.8	6.68
230388	6.88	6.72	7.38	6.88	6.97
230389	6.4	6.57	4.96	7.09	6.24
230390	9.71	9.85	9.42	9.89	9.7
230391	8.56	7.17	7.09	7.25	7.51
230392	6.52	6.22	5.38	6.88	6.26
230393	5.23	6.59	6.05	6.62	6.11
230394	6.56	6.52	6.51	6.63	6.56
230395	9.31	9.52	10	10	9.74
230396	0	0	0	0	0
230397	7.4	8.59	8.63	8.16	8.2
230398	6.42	6.48	6.75	6.74	6.61
230399	4.96	2.3	5.14	1.02	3.44
230400	0.98	2.93	1.86	0	1.38
230401	6	5.2	6.72	8.52	6.65
230402	6.96	8.61	8.21	8.22	8
230403	3.15	3.93	4.16	4.4	3.92
230404	2.87	3.78	5.04	6.13	4.56
230405	9.83	9.48	9.19	9.69	9.53
230406	8.98	8.46	8.59	10	9.04
230407	8.62	8.63	8.13	8.93	8.54
230408	6.63	6.28	7.14	8.28	7.1
230409	7.67	7.17	6.9	8.08	7.49
230410	7.1	7.52	8.08	9.23	8.03
230411	5	6.72	6.43	7.29	6.38
230412	5.4	4.61	4.65	4.4	4.75
230413	9.19	9.48	7.9	9.33	8.92
230414	6.06	6.24	7.6	6.61	6.6
230415	5.17	4.78	6.77	7.02	5.97
230416	6.92	8.57	9.26	9.3	8.55
230417	7.69	7.72	8.23	9.52	8.29
230418	4.77	5.63	6.61	6.35	5.86
230419	6.63	6.54	8.17	6.96	7.1
230420	7.15	6.13	3.98	6.98	6.05
230421	5.06	4.78	4.05	5.6	4.86
230422	5.67	4.33	5.8	6.04	5.5
230423	6.69	6.24	7.78	7.26	7.03
230424	7.19	7.3	3.18	0.46	4.42
230425	8.79	9.3	7.58	8.35	8.45
230426	6.31	6.65	5.84	6.88	6.43
230427	5.52	6.46	7.5	7.59	6.83
230428	9.06	9.24	8.63	9.48	9.06
230429	6.94	5.87	6.44	6.1	6.36
230430	2.48	3.35	1.64	1.98	2.31
230431	6.98	8.42	8.51	8.73	8.22
230432	9.02	9.48	9	6.72	8.54
230433	5.07	6.88	6.3	6.12	6.13
230434	5.3	6.25	6.71	7.58	6.54
230435	3.73	4	5.38	4.93	4.59
230436	6.74	7.69	6.76	9.43	7.78
230437	7.2	7.71	8.19	6.16	7.33
230438	8.33	8.58	8.57	9.07	8.66
230439	6	6.8	6.84	3.6	5.81
230440	5.17	3.13	2.25	5.22	3.81
230441	5.88	5.28	5.06	6.74	5.81
230442	6.78	5.94	6.77	6.98	6.63
230443	8.22	7.9	7.43	8.88	8.09
230444	6.57	8	7.9	8.86	7.89
230445	6.65	7.37	7.16	7.63	7.21
230446	4.59	6.65	7.44	7.6	6.61
230447	6.72	7.06	7.71	7.3	7.23
230448	7.11	7.4	7.37	8.53	7.66
230449	3.87	5.72	2.76	3.06	3.71
230450	6.19	7.2	6.4	6.8	6.62
230451	5.76	7.48	7.78	8.14	7.36
230452	6.89	7.08	8	8.1	7.55
230453	7.37	7.52	7.28	8.1	7.61
230454	3.54	4.15	1.17	4.5	3.37
230455	5.11	4.63	5.55	6.55	5.52
230456	7.63	7.88	7.8	8.33	7.93
230457	7.76	8.88	8.56	8.24	8.38
230458	6.71	6.91	6.7	7.48	6.96
230459	8.33	7.26	7.4	7.61	7.65
230460	9	8.8	9.19	10	9.27
230461	5.02	5.54	5.63	4.65	5.19
230462	6.71	7.13	7	6	6.74
230463	7.8	8.71	9.05	9.93	8.93
230464	7.11	8.88	7.6	8.36	8.01
230465	7.83	7.19	8.45	8.35	7.97
230466	7.23	7.41	8	8.64	7.86
230467	8.12	8.41	8.32	7.72	8.14
230468	6.3	7.15	8.75	8.67	7.8
230469	2.48	1.75	2.38	3.81	2.67
230470	7.17	5.85	5.27	3.11	5.31
230471	5.48	5.23	6.47	6.16	5.88
230472	7.85	7.71	7.41	8.16	7.78
230473	5.83	6.83	6.51	5.6	6.21
230474	8.8	7.56	7.02	9.19	8.09
230475	5.54	4.33	3.12	4.77	4.36
230476	7.28	8.23	8.6	8.26	8.13
230477	4.38	5.63	5.24	6.24	5.39
230478	7.98	8.54	8.63	8.53	8.44
230479	7.98	8.87	8.12	8.37	8.34
230480	7.87	8.69	7.65	9.18	8.36
230481	8.92	9.11	9.6	9.04	9.17
230482	7.78	8.56	8.65	7.86	8.21
230483	6.11	6.52	6.96	8.04	6.93
230484	8.2	7.63	7.36	7.88	7.74
230485	5.93	5.87	7.22	6	6.25
230486	6.85	8.35	9.37	9.17	8.47
230487	9.3	9.23	9.51	10	9.53
230488	7.24	8.23	8.53	9.03	8.32
230489	6.91	7.46	8.04	7.04	7.36
230490	4.87	6.12	8.13	9.52	7.33
230491	8.63	8.58	8.06	7.72	8.21
230492	2.91	3.46	2.76	3.27	3.1
230493	9.93	9.48	8.86	9.91	9.52
230494	7.39	6.46	5.4	7.65	6.68
230495	9.26	8.4	7.56	5.67	7.6
230496	0	0	0	0	0
230497	2.73	3.98	3.79	3.59	3.52
230498	8.67	8.13	8.19	7.19	8.01
230499	6.79	6.78	8.77	9.04	7.85
230500	5.07	7.62	9	9.52	7.95
230501	1.04	3.15	2.57	3.08	2.47
230502	6.72	8.13	8.37	9.76	8.33
230503	8.35	7.69	7.91	10	8.48
230504	6.74	8.15	7.04	8.07	7.49
230505	7.22	8.04	7.35	8.78	7.88
230506	6.89	7.54	7.29	7.98	7.46
230507	7.33	8.94	9.34	9.81	8.93
230508	6.5	6.92	7.33	7	6.96
230509	9.22	9.12	8.57	9.76	9.15
230510	7.11	7.29	7.25	8.69	7.63
230511	3.33	4.35	5.35	7.6	5.15
230512	4.74	5.63	5.81	7.02	5.85
230513	6.89	7.62	7.25	7.64	7.37
230514	4.87	5.88	8	7.92	6.8
230515	2.39	3.21	3.4	3.8	3.25
230516	6.85	6.59	6.84	7.19	6.89
230517	8.63	8.85	7.96	8.04	8.35
230518	4.22	4.71	4.44	6.14	4.86
230519	2.85	4.6	5.57	5.91	4.86
230520	8.67	8.56	7.73	7.3	8.01
230521	6.72	7.71	6.47	7.76	7.18
230522	2.61	1.87	0.75	3.85	2.17
230523	6.88	6.78	7.05	7.93	7.19
230524	4.24	7.75	7.83	9.68	7.54
230525	6.88	6.7	6.77	7.27	6.91
230526	2.33	2.37	3.4	3.81	3.06
230527	7.52	7.85	6.38	7.65	7.35
230528	4.83	3.15	1.66	6	3.96
230529	5.13	5.85	7.03	6.65	6.23
230530	7.93	7.46	8.51	8.67	8.17
230531	6.92	6.54	8.76	9.56	8.04
230532	7.2	8.13	8.25	8.12	7.96
230533	6.07	6.87	8.73	8.48	7.61
230534	8.48	9.6	9.4	9.55	9.28
230535	7.81	6.7	6.45	8.37	7.33
230536	7.72	7.92	5.68	5.75	6.68
230537	6.48	6.92	7.18	8.32	7.29
230538	9.13	8.41	8.84	9.5	8.99
230539	9.07	8.48	8.57	7.55	8.37
230540	7.8	7.54	7.39	8.43	7.81
230541	5.78	6.04	7.52	7.84	6.87
230542	6.13	7.02	6.95	7.8	6.98
230543	7.67	7.46	7.82	8.56	7.88
230544	6.96	9.23	9.19	9.26	8.71
230545	6.7	4.4	6.28	5.17	5.62
230546	6.77	5.91	5.75	6.22	6.17
230547	6.38	5.83	6.6	6	6.24
230548	7.2	7.44	8.2	8.4	7.82
230549	5.22	4.42	5.38	5.83	5.21
230550	2.59	4.63	2.98	3.47	3.44
230551	8.43	9.31	8.89	9.82	9.14
230552	5.4	4.5	5.43	4.69	5.02
230553	7.35	7.56	7.58	7.2	7.42
230554	8.15	8.98	10	9.04	9.09
230555	2.42	3.96	5.78	4.65	4.3
230556	3.5	3.35	4.62	4.11	3.94
230557	7.57	7.75	8.6	9.29	8.34
230558	5.35	5.13	5.98	7.05	5.93
230559	8	9.13	8.43	9.61	8.82
230560	6.58	6.61	7.82	9.19	7.67
230561	8	8.57	9.13	9.04	8.7
230562	9.78	9.46	7.82	9.63	9.11
230563	6.96	7.43	7.91	8.12	7.61
230564	4.35	5.67	8.6	8.75	7
230565	9.2	8.13	8.15	9.27	8.7
230566	8.85	9.65	8.95	8.58	9
230567	3.22	2.81	0.72	1.27	1.95
230568	7.35	7.46	6.42	6.98	7.02
230569	3.35	5.52	5.22	6.12	5.13
230570	8.15	8.52	7.61	9.52	8.48
230571	8.7	9.02	8.92	9.82	9.14
230572	8.61	8.92	7.32	8.71	8.34
230573	9.07	8.44	8.48	9.4	8.84
230574	7.52	7.48	7.81	9.22	8.05
230575	7.11	7.25	7.4	8.5	7.57
230576	7.02	7.96	7.12	9.11	7.83
230577	6.65	7.5	8.91	9.28	8.17
230578	6.85	6.19	6.93	6.93	6.73
230579	3.87	3.15	0.98	3.31	2.74
230580	8.54	8.98	6.98	7.77	8.02
230581	9.24	9.6	9.46	9.47	9.45
230582	7.37	7.98	7.16	7.73	7.52
230583	8.35	8.35	9	8.25	8.5
230584	8.94	8.24	7.81	8.57	8.38
230585	7.9	8.33	8.96	9.38	8.65
230586	6.52	7.02	6.84	7.28	6.93
230587	9.17	7.7	7.5	8.06	8.09
230588	4.93	6.48	6.6	7.16	6.36
230589	6.11	6.9	7	7.14	6.82
230590	7.89	9.13	8.72	9.54	8.83
230591	3.91	5.79	4.74	6.78	5.36
230592	7.91	8.42	8.17	9.67	8.57
230593	7.67	7.75	8.08	8.35	7.97
230594	8.54	8.04	7.29	6.97	7.66
230595	7.43	8.42	8.15	6.32	7.57
230596	4.48	5.56	5.1	6.21	5.32
230597	6.44	6.63	5.46	5.86	6.07
230598	6.15	4.35	7	7.78	6.41
230599	5.73	5.22	5.26	5.28	5.38
230600	5.76	6.02	8.18	8.1	7.1
230601	7.24	5.98	7.8	7.17	7.06
230602	4.2	7.37	4.46	5.66	5.47
230603	5.78	6.48	7.71	8.08	6.99
230604	8.87	9.42	7.81	9.72	8.95
230605	5.62	4.74	1.2	3.29	3.64
230606	5.85	6.04	6.54	6	6.13
230607	7.76	8.31	8.51	8.9	8.41
230608	6.78	7.08	6.53	6.72	6.77
230609	6.96	7.4	8.96	8.56	7.95
230610	5.3	6.27	6.83	5.51	6.01
230611	7.22	7.71	7.54	7.93	7.62
230612	6.7	7.73	5.91	7.7	7.02
230613	6.02	5.13	5.76	6.53	5.88
230614	4.5	6.54	7.24	8.28	6.75
230615	4.89	6.08	5.54	5.92	5.64
230616	7.13	7.35	7.8	9.16	7.92
230617	5.91	6.62	6.81	6.89	6.59
230618	9.87	9.06	8.97	10	9.45
230619	8.8	8.42	7.04	8.44	8.14
230620	4.37	6.29	6.79	6.58	6.08
230621	7.07	7.23	6.24	7.68	7.07
230622	7.3	8.46	7.97	8.65	8.13
230623	4.76	6.19	5.38	8.17	6.19
230624	6.59	7.23	6.68	7.68	7.03
230625	9.13	8.52	8.29	8.08	8.46
230626	9.52	8.31	7.93	8.26	8.45
230627	7.37	7.63	8.03	9.05	8.06
230628	7.2	9.02	6.16	7.69	7.49
230629	6.3	7.25	7.26	7.33	7.07
230630	5.5	6.42	6.97	7.68	6.71
230631	2.33	3.04	1.76	1.86	2.23
230632	7.33	8.71	8.57	7.65	8.09
230633	6.85	5.63	7.22	5.53	6.25
230634	6.11	7.73	9.31	8.77	8.03
230635	6.59	7.06	8.4	8.29	7.6
230636	6.57	7.87	7.44	8.27	7.53
230637	6.48	8.48	8.4	8.2	7.95
230638	6.41	6.75	6.93	7.23	6.86
230639	6.39	7	6.9	7.16	6.88
230640	6.11	7.37	7.63	7.74	7.25
230641	7.22	7.25	6.91	8.93	7.63
230642	7.71	7.39	7.14	7.6	7.46
230643	7.72	7.88	8.2	8.54	8.11
230644	6.35	6.35	8.04	7.44	7.04
230645	9.06	8.87	9.19	9.28	9.11
230646	6.87	6	8.14	9.33	7.67
230647	6.21	6.3	6.9	7.63	6.8
230648	7.8	8.13	8.22	7.98	8.04
230649	7	6.67	6.85	6.83	6.85
230650	5.48	4.87	6	6.63	5.74
230651	2.2	1.44	1.31	0.89	1.42
230652	6.33	6.37	7.53	7.77	7.06
230653	6.85	8.67	7.39	7.47	7.61
230654	5.8	7.19	5.2	5.69	5.96
230655	5.5	6.38	5.58	6.44	5.98
230656	2.54	2.12	1.64	3.03	2.35
230657	9.11	8.75	8.57	9.08	8.88
230658	7.33	9.15	8.59	8.58	8.45
230659	6.74	7.96	7.22	8.63	7.68
230660	6.65	6.77	6.33	6.96	6.69
230661	7.37	7.54	7.45	7.97	7.6
230662	5.07	6.63	3.41	6.64	5.33
230663	5.2	6.69	0	8.24	6.83
230664	6.1	6.43	4.91	4.86	5.52
230665	6.74	7.75	5.75	7.23	6.88
230666	8.58	7.74	7.33	7.98	7.89
230667	7.41	7.98	7.71	8.39	7.87
230668	6.96	7.94	9.65	8.95	8.38
230669	8.57	9.1	7.8	7.98	8.35
230670	7.27	6.98	7.57	7.78	7.39
230671	6.09	6.44	8.4	8.04	7.25
230672	5.28	6.54	6.39	7.94	6.57
230673	6.46	7.15	7.48	7.93	7.27
230674	8.2	8.19	8.34	9.81	8.66
230675	3.6	3.63	3.64	5.59	4.22
230676	5.41	7.73	7.02	7.16	6.88
230677	6.69	5.57	2.39	5.43	4.93
230678	8.61	9.23	9.16	9.85	9.25
230679	8.46	8.92	8.7	9.28	8.86
230680	6.24	8	8.05	7.43	7.48
230681	5.17	6.56	7.4	8.18	6.91
230682	7.07	8.35	7.44	7.63	7.63
230683	6.35	5.96	6.76	4.8	6.04
230684	6.77	6.24	7.21	6.42	6.68
230685	7.54	6.87	6.87	8.11	7.35
230686	9.63	9.15	9.59	9.79	9.55
230687	7.96	8.81	8.58	8.88	8.57
230688	7.3	7.79	5.94	4.72	6.37
230689	4.3	4.1	4.43	5.67	4.66
230690	8.3	8.15	6.69	7.69	7.66
230691	5.42	5.67	6.79	5.11	5.79
230692	3.62	3.67	5.65	5.28	4.58
230693	5.72	6	9	8.67	7.37
230694	4.28	6.1	2.77	0	4.34
230695	7.87	8.08	7.2	8.46	7.92
230696	7.81	6.26	7.9	7.79	7.48
230697	5.85	6.52	6.56	7.1	6.52
230698	8.67	8.13	7.82	7.98	8.12
230699	9.43	9.12	8.54	7.58	8.6
230700	9.67	9.6	10	9.83	9.79
230701	5.88	6.67	7.69	8.42	7.23
230702	8.92	8.02	8.9	7.77	8.4
230703	5.59	6.9	5.07	2.98	5.1
230704	6.69	5.72	6.27	6.39	6.29
230705	9.39	9.6	9.52	9.24	9.44
230706	5.48	6.37	7.24	7.16	6.62
230707	6.79	6.72	7.41	6.58	6.87
230708	3.37	3.65	5.05	5.27	4.43
230709	7.63	8.83	8.21	9.06	8.45
230710	7.57	8.06	8.31	9.84	8.51
230711	7.78	8.15	7.89	8.05	7.97
230712	6.69	7.35	7.37	8.16	7.41
230713	2.5	3.5	2.9	4.48	3.43
230714	9.24	9.42	9.79	9.61	9.53
230715	8.22	8.46	8.37	8.34	8.35
230716	6.13	6.63	6.18	7.28	6.57
230717	5.89	6.19	6.24	6.73	6.27
230718	5.81	5.96	6.84	5.2	5.98
230719	9.26	9.63	8.93	9.78	9.38
230720	6.38	5.89	6.1	6.33	6.18
230721	5.43	5.15	5.47	3.79	4.91
230722	6.22	6.56	7.83	8.77	7.37
230723	8.33	7.89	8.4	9.33	8.51
230724	5.22	5.48	4.56	5.19	5.1
230725	3.13	5.92	6.7	8.11	6.03
230726	8.39	8.5	9.15	9.86	9.04
230727	5.59	6.9	7.44	7.16	6.84
230728	6.28	7.02	8	8.24	7.4
230729	4.94	3.52	3.07	3.7	3.8
230730	8.5	7.57	7.98	9.08	8.33
230731	9.11	9.13	9.73	10	9.53
230732	7.22	7.46	8.57	8.3	7.92
230733	5.65	6.19	6.09	6.79	6.21
230734	6.7	7.25	5.49	6.65	6.52
230735	5.72	7.5	7.65	7.89	7.26
230736	7.39	8.87	7.25	7.98	7.9
230737	7.15	7.33	8.85	9.1	8.2
230738	5.72	6.38	7.4	6.04	6.43
230739	6.07	7.48	7.6	7.95	7.33
230740	6.52	5.87	5.47	3.78	5.33
230741	7.91	8.37	7.46	5.61	7.37
230742	7.89	8.75	7.42	8.42	8.11
230743	6.7	7.35	8.24	9	7.89
230744	7.13	7.44	7.43	9.7	7.88
230745	2.42	5.2	6.08	6.88	5.22
230746	2.33	3.12	3.57	3.78	3.27
230747	7.08	6.46	6.58	6.06	6.54
230748	6.89	7.42	6.17	7.19	6.9
230749	7.87	8.35	8.73	8.89	8.5
230750	6.21	5.57	7.44	8.33	6.96
230751	4.33	6.67	6.11	6.02	5.83
230752	5.83	7.98	8.48	9.3	8
230753	5.35	4.88	3.31	4.3	4.44
230754	4.6	5.46	6.44	6.78	5.86
230755	7.48	8.85	8.93	9.19	8.67
230756	5.15	5.13	5.14	6.46	5.46
230757	2.85	1.5	1.79	1.78	1.94
230758	6.52	5.67	4.59	6.05	5.72
230759	9.35	9.23	8.56	8.64	8.92
230760	9.15	9.17	9	8.73	9
230761	7.81	6.98	7.89	8.45	7.82
230762	8.91	9.58	10	10	9.66
230763	6	7.33	7.67	7.09	7.07
230764	6.06	6.35	6.47	6.47	6.34
230765	7.54	7.17	7.55	8.55	7.73
230766	7.43	8.08	9.37	9.64	8.69
230767	6.5	7.4	6.07	6.32	6.55
230768	6.78	7.23	8.21	8.66	7.79
230769	7.44	6.63	5.05	5.49	6.14
230770	8.37	7.83	7.9	9.05	8.29
230771	7.72	8.56	7.58	8.55	8.1
230772	8.17	7.81	7.95	7.34	7.8
230773	5.91	6.25	6.45	6.4	6.27
230774	8.98	8.94	8.03	9.61	8.87
230775	6.57	7.31	8.02	8.23	7.59
230776	8.76	9	8.58	9.66	9.01
230777	1.56	4.04	3.63	3.84	3.27
230778	8.13	8.52	8.3	8.2	8.29
230779	6.87	7.35	6.35	7.57	7.06
230780	6.79	6.59	6.95	5.78	6.54
230781	3.08	3.38	3.49	5.64	3.99
230782	9.09	9.33	9.79	9.55	9.46
230783	6.67	5.8	7.18	6.33	6.55
230784	8.28	8.44	8.2	8.45	8.34
230785	9.09	9.88	9.59	9.95	9.65
230786	8.24	7.71	7.94	7.89	7.93
230787	8.46	8.52	7.34	7.39	7.88
230788	3.87	3.77	2.77	3.81	3.54
230789	6.28	7.35	7.86	8.42	7.55
230790	4.7	4.85	4.06	3.97	4.37
230791	6.39	6.9	7.34	7.49	7.07
230792	6.19	5.7	7.18	7.86	6.83
230793	7.25	6.72	7.46	6.75	7.05
230794	9.74	9.15	8.41	9.75	9.25
230795	4.92	5.87	6.65	8.22	6.49
230796	8.98	9.44	8.47	9.64	9.14
230797	7.04	7.52	7.47	7.6	7.42
230798	6.29	5.7	5.77	6	5.94
230799	9.52	8.73	7.31	7.28	8.14
230800	5.72	6.54	5.46	6.21	5.99
230801	4.91	6.31	7	8.02	6.65
230802	8.48	8.81	9.4	9.74	9.14
230803	0	0	0	0	0
230804	5.92	4.15	5.08	4.78	5.01
230805	5	5.75	5.51	2.74	4.68
230806	7	8.31	7.62	7.88	7.72
230807	6.76	7.08	7.46	8.33	7.45
230808	5.96	6.56	4.79	6.45	5.95
230809	7.13	5.91	7.56	6.61	6.86
230810	5.77	6.13	7.74	8.39	7.08
230811	0	0	0	0	0
230812	6.48	6.33	7.02	6.98	6.71
230813	7.98	7.37	7.91	8.58	7.95
230814	5.88	7.3	6.61	7.08	6.7
230815	8.87	9.71	8.79	9.12	9.12
230816	6.85	7.29	8.87	8.33	7.89
230817	4.76	5.71	7.02	7.24	6.25
230818	7.22	8.42	5.6	5.51	6.63
230819	9.54	9.88	9	9.25	9.39
230820	9.13	9.27	8.71	10	9.24
230821	4.65	5.02	7.43	7.07	6.16
230822	8.13	1.96	0	0	4.37
230823	4.98	5.65	7.05	8.07	6.52
230824	7.11	8.08	8.84	8.68	8.24
230825	3.2	2.92	3.55	5.86	4
230826	3.43	3.52	4.48	4.69	4.09
230827	4.39	5.04	5.78	6.78	5.6
230828	4.44	6.17	6.07	7.14	5.99
230829	7.07	6.31	5.79	7.71	6.66
230830	6.06	5.52	6.51	6.49	6.16
230831	3.12	5.98	4.5	6.27	4.96
230832	6.91	9.02	7.41	8.35	7.94
230833	6.48	6.83	7.69	7.95	7.27
230834	9.43	9.6	9.41	9.81	9.57
230835	6.35	7.56	7.16	7.31	7.12
230836	8.46	8.87	9.16	9.78	9.05
230837	7.17	6.33	7.94	8.44	7.53
230838	7	6.76	7.48	7.39	7.19
230839	8.26	6.81	4.89	7.34	6.7
230840	5.37	5.9	6.73	5.84	5.99
230841	5.69	3.96	3.61	5.1	4.56
230842	2.73	3.74	4.17	4.75	3.92
230843	4.8	6.06	6.86	8.25	6.62
230844	2.33	3.71	3.43	6.29	4
230845	5.15	6.29	7.44	5.91	6.25
230846	9.2	8.52	9.71	9.38	9.19
230847	7.98	8.13	8	8	8.03
230848	6.72	8.12	9.2	9.67	8.5
230849	5.76	6.92	7.71	8.63	7.35
230850	5.7	6.67	6.82	6.59	6.47
230851	6.21	5.59	6.25	6.08	6.05
230852	5.07	5.35	3.71	4.12	4.52
230853	6.87	7.13	6.34	6.26	6.63
230854	8.41	8.38	8.17	8.88	8.44
230855	8.24	8.92	8.75	9.27	8.83
230856	7.61	6.21	7.72	7.54	7.29
230857	6.15	6.71	7.14	8.12	7.08
230858	6.72	7.21	5.58	6.64	6.51
230859	8.13	8.08	7.02	7.8	7.72
230860	6.48	6.92	7.26	7.81	7.16
230861	5.87	6.98	6.47	6.37	6.44
230862	7.37	6.79	6.17	7.68	7
230863	9.39	8.98	10	9.62	9.53
230864	9.13	10	9.14	9.57	9.46
230865	6.09	7.06	6.51	6.73	6.61
230866	5.57	6.54	7.14	6.32	6.43
230867	7.5	7.63	6.55	7.17	7.21
230868	8.04	7.46	8.55	8.23	8.08
230869	5.63	6.63	6.07	6.2	6.14
230870	6.37	6.75	7.8	8.31	7.36
230871	9.67	9.83	9.81	9.57	9.72
230872	4.46	4.65	5.95	5.56	5.21
230873	6.8	8.25	6.56	7.61	7.31
230874	6.54	7.29	6.6	6.2	6.67
230875	9.22	9.37	9.57	8.72	9.2
230876	8.12	7.8	8.94	9.33	8.59
230877	5.52	6.85	7.76	8.05	7.13
230878	5.1	5.22	5.79	6.93	5.74
230879	6.41	8.08	8.51	8.48	7.93
230880	8.89	9.58	9.63	10	9.57
230881	7.43	8.9	8.21	7.91	8.13
230882	6.43	6.88	8.45	7.38	7.31
230883	7.91	8.67	6.34	8.73	7.87
230884	5.37	3.15	6.18	5.18	5.08
230885	8.65	9.67	8.72	7.75	8.67
230886	6.89	8.08	9.8	9.73	8.64
230887	2.56	3.24	1.81	4.84	3.19
230888	0	0	0	0	0
230889	7.75	6.91	8.35	8.87	7.99
230890	6.33	7	7.79	8.84	7.54
230891	5.96	6.17	7.54	8.14	7.03
230892	0	0	0	0	0
230893	7.5	6.43	6.18	6.44	6.62
230894	9.8	9.17	9.45	9.79	9.56
230895	9.48	9.37	9.23	9.48	9.37
230896	4.1	4.07	5.89	7.39	5.51
230897	6.22	7.12	6.11	6.82	6.57
230898	8.98	9.04	8.21	9.25	8.86
230899	9.87	9.48	9.46	10	9.7
230900	7.65	7.15	0	0	6.96
230901	0	0	0	0	0
230902	6.13	6.69	6.91	6.98	6.7
230903	8.28	8.88	8.24	8.56	8.49
230904	6.98	7.9	8.04	8.1	7.79
230905	7.5	7.75	7.67	8.4	7.83
230906	0	0	0	0	0
230907	8.22	8.63	9	9.8	8.94
230908	7.63	7.98	8.37	9	8.26
230909	5.65	4.74	4.75	5.61	5.21
230910	6.69	7.39	6.2	7.63	6.99
230911	5.13	8.04	7.44	6.47	6.83
230912	7.48	7.48	7.38	7.93	7.55
230913	5.85	7.37	6.45	8.04	6.97
230914	5.63	6.06	6.15	7.04	6.24
230915	2.91	5.46	3.97	4.38	4.21
230916	7.78	9.08	7.81	8.16	8.21
230917	5.25	4.22	4.98	4.33	4.72
230918	8.78	8.29	9.44	8.61	8.74
230919	7.28	7.96	6.88	6.65	7.18
230920	6.39	7.9	8.4	9.17	8.03
230921	6.94	7.74	7.93	7.89	7.64
230922	6.96	7.54	6.53	6.82	6.95
230923	5.13	6.83	7.69	8.67	7.19
230924	6.13	7.63	8.45	8.46	7.75
230925	8.61	8.25	8.56	9.22	8.67
230926	9.17	9.5	8	9.44	9.03
230927	8.96	8.02	7	7.46	7.81
230928	4.11	3.94	6.02	6.38	5.22
230929	6.42	5.48	6.67	5.35	5.97
230930	8.11	8.52	7.87	8.94	8.35
230931	7.33	7.42	7.9	8.21	7.74
230932	5.76	7.42	7.21	7.27	6.94
230933	6.54	6.26	5.58	6.88	6.29
230934	8.93	8.5	8.15	9.09	8.65
230935	9	8.23	9	8.81	8.77
230936	5.89	7.33	7	7.96	7.09
230937	8.76	8.98	9.25	10	9.23
230938	6.54	6.5	6.27	7	6.59
230939	7.11	6.37	7.88	7.81	7.31
230940	8.96	8.79	8.21	8.88	8.69
230941	6.46	6.5	5.03	7.26	6.26
230942	6.13	5.21	6.15	5.14	5.61
230943	4.63	5.87	5.81	7.04	5.87
230944	5.72	6.23	4.92	5.88	5.7
230945	5.9	5.37	5.6	4.95	5.49
230946	8.1	7.22	6.95	7.14	7.35
230947	7.98	8.31	9.33	10	8.97
230948	8.56	7.63	8.45	8.47	8.3
230949	4.41	6.29	7.46	8.43	6.77
230950	9.41	9.23	9.06	10	9.42
230951	6.28	7.19	7.96	8.18	7.46
230952	8.56	8.54	8.87	9.33	8.84
230953	7.28	8.85	9.2	9.49	8.73
230954	6.65	7.67	6.39	5.39	6.58
230955	7.13	7.58	7.46	7.42	7.41
230956	7.33	8.77	7.93	7.23	7.83
230957	7.72	7.69	8.1	8.51	8.03
230958	6.76	7.1	8.17	9.14	7.86
230959	8.83	9.38	8.61	8.66	8.87
230960	7.61	8.37	8.24	8.28	8.13
230961	7.1	6.76	7.4	8.9	7.62
230962	7.63	7.37	8.44	7.89	7.85
230963	7.35	7.62	7.15	8.25	7.6
230964	3.98	4.38	5.95	6.9	5.42
230965	6.52	7.27	7.76	8.14	7.47
230966	4.98	5.43	2.78	6.25	4.91
230967	7.23	6.87	7.57	8.14	7.46
230968	6.76	7.1	7.08	8.08	7.27
230969	7.06	6.07	7.28	7.24	6.94
230970	8.91	8.13	9.4	10	9.17
230971	5.15	3.7	4.1	4.71	4.43
230972	4.96	5.17	6.43	5.17	5.43
230973	2.61	2.37	1.8	3.91	2.67
230974	5.69	3.57	5.4	5.6	5.11
230975	7.13	6.81	7.85	7.84	7.44
230976	6.67	7.87	6.74	7.95	7.33
230977	7.85	7.27	6.33	6.89	7.05
230978	7.15	7.79	8.55	9.46	8.31
230979	7.57	8.71	9.73	9.79	9.01
230980	6.5	5.96	6.26	5.63	6.06
230981	8.3	8.52	10	9.69	9.07
230982	8.57	8.83	7.81	8.89	8.5
230983	7.4	6.93	6.69	3.57	6.05
230984	9.07	9.54	10	9.49	9.53
230985	6.33	6.81	6.73	7.6	6.92
230986	5.35	6.25	5.35	4.56	5.39
230987	6.2	7.13	8.8	9.47	8
230988	5.22	6.37	5.13	6.59	5.86
230989	6.09	7.38	7.6	8.61	7.48
230990	8.11	8	6.2	7.11	7.32
230991	8.63	7.48	8.05	8.05	8.07
230992	3.35	6.75	6.56	6.89	5.93
230993	6.41	6.42	6.27	5.48	6.12
230994	9.1	8.3	9.6	9.8	9.24
230995	6.73	7.24	8.35	8.33	7.71
230996	7.33	6.41	7.44	7	7.08
230997	5.65	5.77	9.18	8.54	7.11
230998	5.17	7.25	7.55	9.4	7.46
230999	4.23	4.39	5.45	5.75	5.02
231000	7.43	7.29	6.76	6.21	6.89
231001	9.43	9.83	7.93	9.19	9.08
231002	1.79	3.54	2.33	0.26	1.91
231003	7.5	8.02	7.86	8.25	7.92
231004	7.65	8.52	8.9	9.16	8.61
231005	5.76	6.52	7.33	6.63	6.61
231006	10	9.88	9.76	10	9.91
231007	4.3	6.54	6.87	7.43	6.38
231008	4.02	4.5	6.55	5.07	5
231009	7.41	7.37	7.31	7.21	7.32
231010	4.76	4.33	4.23	4.17	4.35
231011	6.2	6.31	6.76	5.9	6.28
231012	5.8	5.29	5.94	6	5.76
231013	6.98	8.12	8.7	8.57	8.14
231014	8.54	7.15	8.56	8.13	8.11
231015	9.15	9.37	8.49	9.71	9.16
231016	7.54	7.94	7.76	7.59	7.7
231017	9.28	9.08	8.44	9.31	9.01
231018	7.54	8.04	7.83	7.73	7.79
231019	5.22	6.9	4.47	6.62	5.74
231020	6	7.67	7.19	7.86	7.19
231021	7.78	8.31	7.82	8.59	8.14
231022	7.48	7.9	8.69	8.61	8.18
231023	5.4	4	4.63	4.78	4.72
231024	6.37	6.94	7.8	8.49	7.49
231025	7.83	7.92	6.07	7.27	7.23
231026	7.94	7.48	7.16	7.52	7.53
231027	9.17	9.31	9.62	9.89	9.52
231028	7.67	7.12	6.9	6.03	6.88
231029	7.59	8.31	9.44	9.38	8.74
231030	6.07	5.1	5.12	6.53	5.71
231031	8.61	9.38	8.14	8.91	8.75
231032	5.74	5.98	4.24	7.65	5.96
231033	7.93	8.96	7.95	9.08	8.48
231034	0	0	0	0	0
231035	7.09	6.75	2.71	0	5.47
231036	6.87	7.08	7.33	7.37	7.18
231037	4.89	5.73	5.33	3.21	4.8
231038	4.46	5.23	6.14	6.89	5.79
231039	8.54	8.62	8.16	7.42	8.14
231040	5.69	5.24	7.6	6.53	6.26
231041	0	0	0	0	0
231042	6.37	7.79	8.05	8	7.61
231043	6.8	7.12	8.78	8.67	7.92
231044	7.37	6.81	7.69	8.87	7.66
231045	5.5	6.4	7.24	6.76	6.51
231046	3.4	3.98	3.62	5.43	4.04
231047	8.41	7.38	7.2	8.54	7.86
231048	5.25	3.61	5.58	5.02	4.94
231049	6.87	7.33	8.45	9.19	8.02
231050	4.9	4.63	3.76	6	4.85
231051	9.28	8.81	9.07	10	9.27
231052	7.1	5.8	7.35	6.2	6.69
231053	6.23	6.26	7.15	6.61	6.56
231054	6.39	6.6	5.55	6.3	6.18
231055	5.33	3.23	5.19	2.41	3.89
231056	6.52	5.23	6.09	7.59	6.42
231057	9.46	9.71	8.95	9.27	9.34
231058	3.39	3.08	5.58	4.67	4.27
231059	8.35	7.46	8.71	9.58	8.56
231060	2.54	3.6	3.26	4.64	3.56
231061	8.07	9.33	8.35	8.95	8.67
231062	3.87	6.23	7.05	7.07	6.17
231063	2.96	5.77	5.93	7.3	5.54
231064	5.69	5.78	5.09	6.98	5.87
231065	9.74	9.77	8.81	9.2	9.36
231066	9	9.37	9.19	9.82	9.35
231067	8.15	8	7.5	7.56	7.78
231068	3.41	3.13	2.7	1.18	2.56
231069	9.67	9.54	9.46	9.94	9.64
231070	6.35	6.12	7.02	8.04	6.89
231071	9.63	9.65	9.82	9.61	9.69
231072	7.63	8.73	8.9	9.49	8.75
231073	4.08	3.15	3.95	5.63	4.28
231074	7.57	8.37	6.93	8.25	7.77
231075	7.04	7.02	7.71	8.78	7.67
231076	7.13	6.81	7.88	7.43	7.32
231077	5.7	7.15	8.53	8.12	7.4
231078	5.04	6.9	6.26	6.72	6.28
231079	5.11	6.15	6.53	6.71	6.19
231080	6.37	6.13	6.61	6.57	6.44
231081	6.22	7.52	8.47	8.33	7.65
231082	7.63	7.63	8.9	8.31	8.14
231083	5.83	6.41	6.71	6.56	6.39
231084	8.26	8.37	8.82	9.06	8.65
231085	5.74	6.04	4.14	4.39	5.01
231086	5.83	6.2	6.18	7.33	6.39
231087	7.63	6.38	7.33	6.52	6.95
231088	7.02	7.71	7.12	6.58	7.12
231089	9.54	8.73	7.64	7.59	8.33
231090	6.37	6.5	6.62	6.89	6.61
231091	8.76	8.15	8	8.77	8.39
231092	8.7	8.67	8.57	8.85	8.7
231093	2.42	2.59	1.46	1.25	1.86
231094	2.23	0	0	0	0.74
231095	6.89	7.1	8	7.9	7.48
231096	7.09	7.19	7.37	6.83	7.12
231097	9.63	9.38	9.94	9.77	9.68
231098	4.3	4.21	5.73	5.27	4.91
231099	5.35	6.87	6.11	6.92	6.33
231100	5.93	6	6.76	6.75	6.39
231101	6.26	7.54	6.76	8.15	7.17
231102	7.77	6.89	8.37	8.78	8.01
231103	7.59	8.02	9.81	10	8.87
231104	6.29	7.48	7.46	6.76	6.99
231105	5.2	6.42	3.35	3.07	4.47
231106	5.15	6.69	6.14	6.46	6.13
231107	6.89	5.52	5.88	3.29	5.29
231108	7.41	7.9	8.05	8.88	8.08
231109	3.77	3.61	2.63	3.81	3.42
231110	9.13	9.25	9.05	9.03	9.11
231111	6.48	7.04	7.86	8.7	7.61
231112	4.39	5.29	4.57	6.35	5.15
231113	5.8	6.9	6.78	7.55	6.81
231114	6.52	7.29	8.72	9.51	8.11
231115	8.11	7.44	7.4	7.31	7.54
231116	6.38	6.28	7.29	8.67	7.23
231117	5.85	7.19	7.02	7.17	6.85
231118	6.98	7.52	8.28	9.19	8.04
231119	7.78	7.38	7.95	8.59	7.94
231120	9.1	8.78	8.16	8.1	8.5
231121	8.89	8.65	8.87	8.82	8.81
231122	6.5	7.85	8.76	8.71	8.02
231123	6.17	5.48	3.88	4.52	4.98
231124	7.08	6.91	8.39	7.93	7.6
231125	3.43	5.69	5.78	5.93	5.29
231126	6.52	6.85	7.98	9.19	7.72
231127	7.11	6.94	7.45	7.6	7.28
231128	7.78	7.65	8.29	7.42	7.78
231129	7.09	7.38	8.96	8.62	8.08
231130	5.2	6.81	6.2	5.49	5.94
231131	8.04	7.04	7.88	7.22	7.52
231132	6.65	7.9	7.44	8.32	7.6
231133	6.71	7.15	7.5	7.71	7.28
231134	5.02	5.65	4.75	6.9	5.6
231135	8	7.23	7.42	8.27	7.71
231136	6.28	7.71	6.95	7.25	7.07
231137	4.3	6.15	4.91	6.76	5.57
231138	7.41	7.83	6.95	7.54	7.43
231139	7.63	8.37	8.08	8.53	8.18
231140	3.48	2.11	2.84	2.59	2.78
231141	6.02	7.12	6.74	8.3	7.09
231142	8.48	8.85	8.84	7.72	8.44
231143	5.54	4.67	5.77	4.39	5.12
231144	8.02	8.92	7.63	7.67	8.05
231145	7.52	8.92	7.22	8.67	8.09
231146	5.9	5.65	4.9	6.89	5.84
231147	8.46	8.67	9.2	8.7	8.77
231148	9.11	8.6	7.74	8.05	8.34
231149	9.8	9.94	9.54	9.91	9.81
231150	5.33	5.94	5.91	5.79	5.75
231151	8.04	8.79	8.61	7.41	8.19
231152	5.04	5.85	4.23	3.77	4.7
231153	6.94	6.22	6.81	6.07	6.55
231154	7.28	8.19	7.88	9.37	8.16
231155	9.88	9.57	8.71	9.29	9.33
231156	7.41	7.21	8.04	7.28	7.47
231157	6.78	8.52	6.6	7.49	7.36
231158	6.83	7.94	8.4	8.83	8.05
231159	6.22	7.12	6.74	8.07	7.07
231160	5.08	4.22	3.46	0	3.09
231161	7.04	7.08	7.36	8.51	7.53
231162	5.43	6.83	7.21	7.23	6.74
231163	6.1	6.72	6.82	7	6.67
231164	5.28	5.46	6.72	6.53	6.05
231165	5.89	5.73	5.77	7.12	6.13
231166	7.46	6.3	7.4	6.95	7.06
231167	5.17	6.33	8.4	8.96	7.31
231168	7.87	9.46	9.26	9.83	9.15
231169	5.52	8.4	7.75	7.29	7.3
231170	8.42	8.65	8.8	9.54	8.89
231171	6.22	7.21	8.76	9.05	7.91
231172	5.76	6.46	7.24	8.21	6.99
231173	6	6.85	6.8	6.59	6.57
231174	7.5	7.69	8.12	8.36	7.94
231175	7.87	7.98	9.15	8.09	8.31
231176	6.91	6.73	8.04	7.34	7.24
231177	6.43	7.29	9.19	9.29	8.07
231178	7.8	8.92	8.37	8.85	8.5
231179	5.37	4.93	5.66	4.28	5.02
231180	9.41	9.15	8.57	8.08	8.76
231181	8.46	7.59	7.95	8.22	8.07
231182	8.63	8.38	7.95	9	8.49
231183	6.67	7.42	8.86	9.76	8.28
231184	8.61	8.81	9.26	9.22	8.99
231185	7.78	8.73	9.55	10	9.08
231186	5.98	7.15	8.43	8.62	7.57
231187	7.29	7.48	8.03	9.11	8.02
231188	6.48	7.81	8.67	8.4	7.92
231189	8.77	8.11	8.31	9.78	8.75
231190	5.7	7.13	8.65	8.07	7.48
231191	9.04	9.71	9.35	9.18	9.33
231192	4.39	4.19	2.36	2.23	3.26
231193	6.7	6.13	5.24	2.98	5.15
231194	9.52	9.29	9.24	9.48	9.37
231195	7.85	7.98	8.1	8.4	8.1
231196	4.74	4.37	1.08	1.94	2.83
231197	8.8	9.46	9.25	9.6	9.3
231198	8.67	8.98	8.61	9.75	9.05
231199	7.39	7.58	8.16	5.98	7.21
231200	6.46	7.5	9.4	8.91	8.14
231201	6	6.24	4.68	5.74	5.62
231202	7.59	8.71	8.84	9.58	8.74
231203	6.93	8.42	8.74	9.56	8.49
231204	6.37	7.52	6.35	7.81	7.04
231205	3	5.67	3.74	4	4.12
231206	5.85	6.17	5.91	4.96	5.72
231207	4.91	5.48	4.77	6.16	5.32
231208	5.48	5.87	7.31	6.73	6.36
