roll no | spi_1  |  spi_2  |  cpi  |
-------------------------------------
240103  |  10.00  |  10.00  |  10.00  | 
240268  |  9.40  |  10.00  |  9.68  | 
240465  |  9.88  |  10.00  |  9.94  | 
240943  |  9.62  |  10.00  |  9.82  | 
240229  |  10.00  |  10.00  |  10.00  | 
240966  |  9.78  |  10.00  |  9.90  | 
240426  |  9.85  |  9.88  |  9.87  | 
240842  |  9.74  |  9.88  |  9.82  | 
240016  |  8.87  |  9.87  |  9.34  | 
240031  |  9.42  |  9.87  |  9.63  | 
240393  |  9.83  |  9.85  |  9.84  | 
240184  |  9.71  |  9.85  |  9.78  | 
240335  |  9.83  |  9.85  |  9.84  | 
240524  |  10.00  |  9.83  |  9.91  | 
240749  |  10.00  |  9.83  |  9.87  | 
240359  |  9.28  |  9.77  |  9.54  | 
240935  |  8.65  |  9.77  |  9.24  | 
240965  |  9.72  |  9.77  |  9.74  | 
240854  |  9.67  |  9.75  |  9.71  | 
240018  |  9.29  |  9.74  |  9.50  | 
240043  |  9.83  |  9.74  |  9.79  | 
240185  |  9.60  |  9.74  |  9.66  | 
240826  |  9.08  |  9.74  |  9.39  | 
240137  |  9.54  |  9.72  |  9.62  | 
240149  |  10.00  |  9.72  |  9.87  | 
240497  |  9.72  |  9.71  |  9.71  | 
240814  |  9.52  |  9.71  |  9.62  | 
241169  |  9.56  |  9.70  |  9.63  | 
240642  |  9.00  |  9.69  |  9.37  | 
240672  |  9.74  |  9.65  |  9.69  | 
240753  |  9.46  |  9.65  |  9.56  | 
241147  |  9.72  |  9.65  |  9.68  | 
240390  |  9.27  |  9.61  |  9.43  | 
240270  |  8.67  |  9.61  |  9.11  | 
240360  |  9.22  |  9.60  |  9.42  | 
240615  |  8.00  |  9.60  |  8.85  | 
240950  |  9.43  |  9.60  |  9.52  | 
240994  |  9.33  |  9.60  |  9.47  | 
241166  |  9.43  |  9.60  |  9.52  | 
240480  |  9.44  |  9.59  |  9.51  | 
240064  |  8.62  |  9.59  |  9.07  | 
240100  |  8.40  |  9.59  |  8.96  | 
240976  |  9.50  |  9.58  |  9.54  | 
240447  |  9.46  |  9.54  |  9.50  | 
240895  |  8.63  |  9.54  |  9.11  | 
241001  |  8.96  |  9.54  |  9.27  | 
241073  |  9.22  |  9.54  |  9.39  | 
240241  |  9.12  |  9.50  |  9.30  | 
241148  |  8.67  |  9.50  |  9.11  | 
240062  |  8.88  |  9.48  |  9.16  | 
240525  |  9.20  |  9.48  |  9.35  | 
240650  |  9.09  |  9.48  |  9.30  | 
240762  |  9.78  |  9.48  |  9.62  | 
240971  |  9.72  |  9.48  |  9.59  | 
241028  |  9.30  |  9.48  |  9.40  | 
240296  |  9.27  |  9.46  |  9.36  | 
240541  |  9.10  |  9.46  |  9.27  | 
240171  |  9.65  |  9.46  |  9.56  | 
240963  |  9.07  |  9.46  |  9.28  | 
240959  |  10.00  |  9.44  |  9.58  | 
240488  |  9.07  |  9.42  |  9.26  | 
241052  |  9.87  |  9.42  |  9.63  | 
241211  |  9.30  |  9.42  |  9.37  | 
240202  |  8.85  |  9.37  |  9.09  | 
240469  |  8.67  |  9.37  |  9.04  | 
241041  |  9.24  |  9.37  |  9.31  | 
241104  |  9.43  |  9.37  |  9.40  | 
240674  |  9.48  |  9.36  |  9.42  | 
240246  |  9.52  |  9.35  |  9.44  | 
240291  |  8.38  |  9.35  |  8.84  | 
240527  |  8.94  |  9.35  |  9.13  | 
240224  |  9.08  |  9.35  |  9.20  | 
240002  |  8.73  |  9.33  |  9.01  | 
240037  |  8.83  |  9.33  |  9.06  | 
240196  |  9.63  |  9.33  |  9.49  | 
240501  |  9.21  |  9.33  |  9.27  | 
240087  |  9.10  |  9.33  |  9.20  | 
240120  |  8.63  |  9.33  |  8.96  | 
240768  |  9.65  |  9.33  |  9.48  | 
240606  |  8.74  |  9.31  |  9.04  | 
240813  |  8.70  |  9.31  |  9.02  | 
241056  |  9.07  |  9.31  |  9.19  | 
240551  |  9.94  |  9.30  |  9.64  | 
240863  |  8.41  |  9.29  |  8.88  | 
240593  |  8.50  |  9.26  |  8.89  | 
240712  |  8.76  |  9.25  |  9.02  | 
240763  |  9.13  |  9.25  |  9.19  | 
240900  |  8.63  |  9.25  |  8.96  | 
240200  |  8.79  |  9.24  |  9.00  | 
240024  |  9.12  |  9.24  |  9.17  | 
240889  |  9.30  |  9.23  |  9.27  | 
240112  |  9.06  |  9.22  |  9.13  | 
240020  |  8.65  |  9.22  |  8.92  | 
240068  |  8.94  |  9.22  |  9.07  | 
240585  |  8.70  |  9.21  |  8.97  | 
241040  |  8.20  |  9.21  |  8.73  | 
241045  |  8.48  |  9.21  |  8.87  | 
240533  |  9.17  |  9.20  |  9.18  | 
240944  |  8.54  |  9.19  |  8.89  | 
240351  |  9.56  |  9.17  |  9.38  | 
240385  |  9.02  |  9.17  |  9.09  | 
240242  |  9.19  |  9.15  |  9.17  | 
240340  |  8.08  |  9.15  |  8.63  | 
240660  |  9.07  |  9.15  |  9.11  | 
240991  |  8.91  |  9.15  |  9.04  | 
240717  |  8.78  |  9.13  |  8.97  | 
240734  |  8.85  |  9.13  |  9.00  | 
241044  |  8.35  |  9.13  |  8.77  | 
241137  |  9.43  |  9.13  |  9.28  | 
241158  |  8.63  |  9.13  |  8.90  | 
240759  |  9.41  |  9.12  |  9.26  | 
240489  |  9.71  |  9.11  |  9.43  | 
240490  |  8.31  |  9.11  |  8.68  | 
240518  |  7.73  |  9.11  |  8.38  | 
240075  |  9.48  |  9.11  |  9.31  | 
240443  |  8.39  |  9.10  |  8.77  | 
240563  |  9.57  |  9.10  |  9.32  | 
240868  |  8.43  |  9.10  |  8.79  | 
241200  |  7.43  |  9.10  |  8.32  | 
240181  |  8.79  |  9.09  |  8.93  | 
240876  |  7.80  |  9.08  |  8.48  | 
241054  |  8.30  |  9.08  |  8.71  | 
241102  |  8.50  |  9.08  |  8.81  | 
241132  |  9.17  |  9.08  |  9.12  | 
240380  |  8.69  |  9.07  |  8.87  | 
240508  |  8.87  |  9.07  |  8.96  | 
240056  |  7.96  |  9.07  |  8.48  | 
240584  |  8.83  |  9.06  |  8.95  | 
240635  |  8.87  |  9.06  |  8.97  | 
240789  |  9.29  |  9.06  |  9.12  | 
241130  |  9.26  |  9.06  |  9.15  | 
240367  |  7.50  |  9.04  |  8.32  | 
240590  |  8.72  |  9.04  |  8.89  | 
240849  |  7.98  |  9.04  |  8.54  | 
241117  |  8.37  |  9.04  |  8.72  | 
240236  |  8.15  |  9.02  |  8.56  | 
240589  |  7.61  |  9.02  |  8.36  | 
240760  |  9.59  |  9.02  |  9.29  | 
241107  |  8.57  |  9.02  |  8.81  | 
241140  |  8.61  |  9.02  |  8.83  | 
241011  |  9.30  |  9.00  |  9.14  | 
240707  |  9.17  |  8.96  |  9.06  | 
240131  |  7.13  |  8.96  |  7.99  | 
240263  |  8.31  |  8.96  |  8.61  | 
240761  |  8.54  |  8.96  |  8.77  | 
240970  |  8.09  |  8.96  |  8.55  | 
240766  |  8.85  |  8.94  |  8.90  | 
240128  |  8.40  |  8.93  |  8.65  | 
240017  |  9.31  |  8.93  |  9.13  | 
240638  |  7.94  |  8.92  |  8.44  | 
240940  |  8.22  |  8.92  |  8.59  | 
240666  |  8.26  |  8.90  |  8.60  | 
240880  |  9.00  |  8.90  |  8.95  | 
240906  |  9.29  |  8.90  |  9.00  | 
241162  |  7.48  |  8.90  |  8.23  | 
240570  |  9.10  |  8.89  |  9.00  | 
240569  |  9.22  |  8.88  |  9.04  | 
240071  |  7.75  |  8.87  |  8.28  | 
241212  |  8.11  |  8.87  |  8.51  | 
240189  |  9.08  |  8.85  |  8.97  | 
240567  |  8.70  |  8.85  |  8.78  | 
240588  |  8.63  |  8.85  |  8.74  | 
240652  |  8.39  |  8.85  |  8.63  | 
240787  |  7.37  |  8.85  |  8.15  | 
240055  |  8.29  |  8.83  |  8.54  | 
240442  |  7.92  |  8.83  |  8.35  | 
240706  |  8.17  |  8.83  |  8.52  | 
241116  |  7.80  |  8.83  |  8.35  | 
240653  |  6.11  |  8.81  |  7.54  | 
241151  |  6.48  |  8.81  |  7.71  | 
240402  |  8.63  |  8.80  |  8.71  | 
240451  |  9.60  |  8.80  |  9.22  | 
240168  |  8.35  |  8.80  |  8.56  | 
240687  |  8.63  |  8.79  |  8.71  | 
241027  |  8.80  |  8.79  |  8.80  | 
240147  |  8.40  |  8.78  |  8.58  | 
240662  |  9.04  |  8.77  |  8.90  | 
240788  |  8.98  |  8.77  |  8.87  | 
240346  |  8.04  |  8.76  |  8.38  | 
240645  |  7.78  |  8.75  |  8.30  | 
241000  |  8.35  |  8.75  |  8.56  | 
240516  |  9.35  |  8.74  |  9.06  | 
240867  |  7.76  |  8.73  |  8.28  | 
241061  |  7.24  |  8.73  |  8.03  | 
240172  |  8.85  |  8.72  |  8.79  | 
240290  |  8.33  |  8.72  |  8.51  | 
240210  |  7.67  |  8.72  |  8.16  | 
240630  |  7.80  |  8.71  |  8.29  | 
240739  |  8.04  |  8.71  |  8.40  | 
241048  |  8.02  |  8.71  |  8.39  | 
240121  |  8.63  |  8.70  |  8.66  | 
240044  |  9.15  |  8.70  |  8.94  | 
240203  |  8.27  |  8.70  |  8.47  | 
240611  |  8.91  |  8.69  |  8.80  | 
240697  |  6.50  |  8.69  |  7.66  | 
240916  |  7.35  |  8.69  |  8.06  | 
240926  |  7.72  |  8.69  |  8.23  | 
241152  |  7.54  |  8.69  |  8.15  | 
240368  |  8.37  |  8.67  |  8.51  | 
240253  |  8.81  |  8.67  |  8.74  | 
240265  |  7.46  |  8.67  |  8.08  | 
240576  |  8.85  |  8.67  |  8.76  | 
240587  |  8.02  |  8.67  |  8.37  | 
240735  |  9.07  |  8.67  |  8.86  | 
240459  |  8.62  |  8.65  |  8.63  | 
240519  |  8.29  |  8.65  |  8.46  | 
240715  |  8.65  |  8.65  |  8.65  | 
240733  |  8.28  |  8.65  |  8.48  | 
241202  |  7.59  |  8.65  |  8.15  | 
240721  |  8.10  |  8.64  |  8.38  | 
240870  |  8.67  |  8.64  |  8.65  | 
240355  |  8.37  |  8.63  |  8.51  | 
240356  |  8.33  |  8.63  |  8.49  | 
240740  |  8.87  |  8.63  |  8.74  | 
240902  |  8.07  |  8.63  |  8.37  | 
240972  |  7.33  |  8.63  |  8.02  | 
240960  |  8.76  |  8.62  |  8.68  | 
240117  |  9.00  |  8.61  |  8.82  | 
240234  |  8.23  |  8.61  |  8.41  | 
240785  |  8.63  |  8.60  |  8.61  | 
240918  |  7.26  |  8.60  |  7.97  | 
240042  |  7.77  |  8.59  |  8.15  | 
240244  |  7.90  |  8.59  |  8.22  | 
240066  |  7.58  |  8.59  |  8.05  | 
240421  |  8.46  |  8.59  |  8.52  | 
240446  |  7.39  |  8.58  |  8.02  | 
240641  |  6.37  |  8.58  |  7.54  | 
240748  |  6.57  |  8.58  |  7.63  | 
240975  |  7.98  |  8.58  |  8.30  | 
240981  |  9.07  |  8.58  |  8.81  | 
240076  |  7.81  |  8.57  |  8.16  | 
240220  |  8.06  |  8.57  |  8.30  | 
240885  |  8.46  |  8.56  |  8.51  | 
240602  |  8.15  |  8.56  |  8.37  | 
240192  |  8.87  |  8.54  |  8.71  | 
240530  |  8.71  |  8.54  |  8.63  | 
240450  |  8.81  |  8.54  |  8.68  | 
240455  |  8.98  |  8.54  |  8.74  | 
240599  |  7.85  |  8.54  |  8.21  | 
240701  |  7.09  |  8.54  |  7.86  | 
241095  |  9.24  |  8.54  |  8.87  | 
241192  |  8.39  |  8.54  |  8.47  | 
241010  |  9.02  |  8.52  |  8.76  | 
241034  |  8.59  |  8.52  |  8.55  | 
240299  |  8.31  |  8.50  |  8.40  | 
240130  |  8.75  |  8.50  |  8.63  | 
240573  |  8.43  |  8.50  |  8.47  | 
240613  |  8.63  |  8.50  |  8.56  | 
240631  |  8.35  |  8.50  |  8.43  | 
241188  |  7.09  |  8.50  |  7.84  | 
240388  |  8.38  |  8.48  |  8.43  | 
240176  |  6.90  |  8.48  |  7.64  | 
240352  |  7.85  |  8.48  |  8.18  | 
240775  |  7.41  |  8.48  |  7.98  | 
240784  |  8.35  |  8.48  |  8.42  | 
240866  |  7.43  |  8.48  |  7.99  | 
240874  |  8.28  |  8.48  |  8.39  | 
240999  |  8.35  |  8.48  |  8.42  | 
241005  |  7.93  |  8.48  |  8.22  | 
241078  |  9.15  |  8.48  |  8.81  | 
241023  |  8.77  |  8.46  |  8.61  | 
240167  |  8.10  |  8.46  |  8.27  | 
240904  |  7.50  |  8.46  |  8.01  | 
241049  |  7.76  |  8.46  |  8.13  | 
241096  |  7.87  |  8.46  |  8.18  | 
241079  |  7.54  |  8.44  |  8.02  | 
241092  |  6.30  |  8.44  |  7.44  | 
240271  |  7.35  |  8.43  |  7.86  | 
241176  |  0.00  |  8.43  |  8.43  | 
241113  |  7.41  |  8.42  |  7.95  | 
240023  |  8.77  |  8.41  |  8.60  | 
240532  |  8.31  |  8.41  |  8.36  | 
240150  |  7.37  |  8.41  |  7.86  | 
240621  |  7.21  |  8.41  |  7.78  | 
240175  |  7.77  |  8.39  |  8.06  | 
240649  |  7.98  |  8.38  |  8.19  | 
241153  |  7.46  |  8.38  |  7.95  | 
240152  |  8.21  |  8.37  |  8.29  | 
240156  |  8.33  |  8.37  |  8.35  | 
240526  |  7.40  |  8.37  |  7.86  | 
240061  |  8.13  |  8.37  |  8.24  | 
240594  |  7.24  |  8.37  |  7.84  | 
240628  |  7.37  |  8.37  |  7.90  | 
240871  |  8.37  |  8.37  |  8.37  | 
240069  |  8.58  |  8.35  |  8.47  | 
240316  |  8.31  |  8.35  |  8.33  | 
240722  |  8.09  |  8.35  |  8.22  | 
240907  |  8.37  |  8.35  |  8.36  | 
240917  |  7.87  |  8.35  |  8.12  | 
241090  |  7.52  |  8.35  |  7.96  | 
240988  |  8.25  |  8.34  |  8.30  | 
240088  |  7.73  |  8.33  |  8.01  | 
240401  |  8.21  |  8.33  |  8.27  | 
240173  |  8.00  |  8.33  |  8.15  | 
240882  |  8.76  |  8.33  |  8.53  | 
241007  |  6.83  |  8.33  |  7.62  | 
241128  |  8.24  |  8.33  |  8.29  | 
240529  |  6.70  |  8.31  |  7.55  | 
240632  |  8.52  |  8.31  |  8.41  | 
240810  |  8.00  |  8.31  |  8.16  | 
241026  |  8.11  |  8.31  |  8.21  | 
241136  |  7.24  |  8.31  |  7.81  | 
241195  |  7.48  |  8.31  |  7.92  | 
240298  |  7.94  |  8.30  |  8.11  | 
240583  |  7.33  |  8.29  |  7.84  | 
240947  |  6.72  |  8.29  |  7.55  | 
241187  |  7.15  |  8.29  |  7.76  | 
240001  |  8.15  |  8.28  |  8.21  | 
240208  |  8.37  |  8.28  |  8.33  | 
240317  |  8.25  |  8.28  |  8.27  | 
240499  |  7.60  |  8.28  |  7.92  | 
240798  |  9.04  |  8.27  |  8.63  | 
240832  |  6.07  |  8.27  |  7.23  | 
240877  |  6.98  |  8.27  |  7.66  | 
240074  |  8.25  |  8.26  |  8.26  | 
240869  |  8.15  |  8.26  |  8.20  | 
240467  |  8.35  |  8.25  |  8.30  | 
240792  |  6.91  |  8.25  |  7.62  | 
241071  |  7.70  |  8.25  |  7.99  | 
240476  |  9.04  |  8.24  |  8.66  | 
240665  |  7.96  |  8.23  |  8.10  | 
240747  |  8.50  |  8.23  |  8.36  | 
241118  |  7.48  |  8.23  |  7.88  | 
240054  |  7.35  |  8.22  |  7.76  | 
240115  |  7.27  |  8.22  |  7.71  | 
240124  |  7.02  |  8.22  |  7.58  | 
240058  |  8.29  |  8.22  |  8.26  | 
240245  |  7.25  |  8.22  |  7.70  | 
240424  |  7.22  |  8.21  |  7.74  | 
240575  |  8.65  |  8.21  |  8.32  | 
240709  |  6.65  |  8.21  |  7.48  | 
240744  |  6.67  |  8.21  |  7.49  | 
240755  |  8.39  |  8.21  |  8.30  | 
240815  |  8.15  |  8.21  |  8.18  | 
240857  |  8.96  |  8.21  |  8.56  | 
241013  |  8.43  |  8.21  |  8.32  | 
240217  |  7.79  |  8.20  |  7.98  | 
240484  |  8.00  |  8.19  |  8.10  | 
240603  |  7.13  |  8.19  |  7.69  | 
240890  |  7.80  |  8.19  |  8.01  | 
240973  |  7.54  |  8.19  |  7.89  | 
240582  |  7.60  |  8.17  |  7.87  | 
240081  |  8.25  |  8.17  |  8.21  | 
240831  |  7.04  |  8.17  |  7.64  | 
240719  |  8.43  |  8.15  |  8.29  | 
240941  |  7.93  |  8.15  |  8.05  | 
241183  |  7.29  |  8.15  |  7.94  | 
240101  |  6.73  |  8.13  |  7.39  | 
240025  |  8.52  |  8.13  |  8.34  | 
240915  |  8.17  |  8.13  |  8.15  | 
241179  |  7.89  |  8.13  |  8.02  | 
241210  |  8.15  |  8.13  |  8.14  | 
240369  |  8.17  |  8.12  |  8.14  | 
240520  |  7.33  |  8.12  |  7.74  | 
240639  |  7.65  |  8.12  |  7.90  | 
240756  |  6.72  |  8.12  |  7.46  | 
240909  |  7.63  |  8.12  |  7.89  | 
240257  |  7.33  |  8.11  |  7.69  | 
240177  |  7.15  |  8.11  |  7.60  | 
240825  |  7.26  |  8.10  |  7.70  | 
240896  |  7.04  |  8.10  |  7.60  | 
240939  |  6.61  |  8.10  |  7.40  | 
240982  |  8.98  |  8.10  |  8.53  | 
241020  |  7.83  |  8.10  |  7.97  | 
240027  |  7.63  |  8.09  |  7.85  | 
240320  |  7.69  |  8.09  |  7.88  | 
240361  |  7.65  |  8.09  |  7.86  | 
240506  |  9.19  |  8.09  |  8.67  | 
240539  |  7.00  |  8.09  |  7.51  | 
240543  |  7.00  |  8.09  |  7.88  | 
240319  |  7.79  |  8.09  |  7.94  | 
240391  |  8.60  |  8.09  |  8.36  | 
240790  |  7.98  |  8.08  |  8.03  | 
240928  |  7.61  |  8.08  |  7.86  | 
241017  |  7.52  |  8.08  |  7.82  | 
240077  |  7.73  |  8.07  |  7.89  | 
240678  |  7.78  |  8.06  |  7.93  | 
240864  |  7.65  |  8.06  |  7.87  | 
240979  |  6.80  |  8.06  |  7.47  | 
241019  |  7.67  |  8.06  |  7.88  | 
241036  |  6.39  |  8.06  |  7.28  | 
241146  |  7.30  |  8.06  |  7.70  | 
241149  |  7.74  |  8.06  |  7.91  | 
240155  |  7.48  |  8.04  |  7.74  | 
240243  |  8.98  |  8.04  |  8.54  | 
240324  |  8.73  |  8.04  |  8.41  | 
240330  |  8.73  |  8.04  |  8.41  | 
240937  |  6.94  |  8.04  |  7.46  | 
240958  |  6.80  |  8.04  |  7.46  | 
241143  |  7.80  |  8.04  |  7.93  | 
240423  |  8.17  |  8.02  |  8.10  | 
240708  |  6.91  |  8.02  |  7.50  | 
240727  |  7.20  |  8.02  |  7.63  | 
240923  |  6.54  |  8.02  |  7.33  | 
241150  |  6.80  |  8.02  |  7.45  | 
240157  |  6.87  |  8.00  |  7.40  | 
240546  |  8.63  |  8.00  |  8.34  | 
240559  |  7.71  |  8.00  |  7.85  | 
240494  |  6.60  |  8.00  |  7.26  | 
240437  |  8.48  |  8.00  |  8.22  | 
240856  |  7.13  |  8.00  |  7.59  | 
241029  |  7.74  |  8.00  |  7.88  | 
241067  |  8.09  |  8.00  |  8.04  | 
241206  |  6.46  |  8.00  |  7.28  | 
241208  |  7.61  |  8.00  |  7.82  | 
240282  |  6.90  |  7.98  |  7.41  | 
240705  |  8.81  |  7.98  |  8.42  | 
240433  |  7.19  |  7.98  |  7.59  | 
240780  |  7.11  |  7.98  |  7.57  | 
240797  |  7.72  |  7.98  |  7.86  | 
240949  |  7.02  |  7.98  |  7.53  | 
241144  |  7.91  |  7.98  |  7.95  | 
240110  |  7.02  |  7.96  |  7.46  | 
240119  |  7.37  |  7.96  |  7.64  | 
240637  |  7.80  |  7.96  |  7.89  | 
240779  |  8.39  |  7.96  |  8.16  | 
240791  |  7.93  |  7.96  |  7.95  | 
241009  |  6.67  |  7.96  |  7.36  | 
241121  |  8.65  |  7.96  |  8.29  | 
241156  |  7.80  |  7.96  |  7.89  | 
241196  |  6.83  |  7.96  |  7.43  | 
240657  |  7.54  |  7.94  |  7.76  | 
240668  |  7.33  |  7.94  |  7.65  | 
240670  |  6.48  |  7.94  |  7.26  | 
240681  |  6.48  |  7.94  |  7.26  | 
240861  |  6.74  |  7.94  |  7.38  | 
240899  |  6.67  |  7.94  |  7.35  | 
241039  |  8.04  |  7.94  |  7.99  | 
241205  |  7.85  |  7.94  |  7.90  | 
240984  |  7.65  |  7.92  |  7.80  | 
241094  |  6.89  |  7.92  |  7.44  | 
240035  |  7.62  |  7.91  |  7.76  | 
240065  |  8.08  |  7.91  |  8.00  | 
240084  |  7.15  |  7.91  |  7.51  | 
240222  |  7.92  |  7.91  |  7.92  | 
240528  |  8.04  |  7.90  |  7.97  | 
240601  |  7.09  |  7.90  |  7.52  | 
240605  |  7.46  |  7.90  |  7.68  | 
240614  |  7.61  |  7.90  |  7.77  | 
240618  |  6.11  |  7.90  |  7.06  | 
241025  |  7.48  |  7.90  |  7.70  | 
240170  |  7.96  |  7.89  |  7.93  | 
240577  |  7.02  |  7.88  |  7.48  | 
241006  |  7.89  |  7.88  |  7.89  | 
241120  |  5.22  |  7.88  |  6.63  | 
240411  |  6.65  |  7.87  |  7.22  | 
240578  |  7.69  |  7.87  |  7.78  | 
240314  |  8.06  |  7.87  |  7.97  | 
240658  |  7.23  |  7.87  |  7.53  | 
240647  |  7.59  |  7.87  |  7.73  | 
240858  |  7.52  |  7.87  |  7.70  | 
240079  |  7.02  |  7.85  |  7.41  | 
240107  |  9.23  |  7.85  |  8.58  | 
240483  |  7.81  |  7.85  |  7.83  | 
240182  |  7.77  |  7.85  |  7.81  | 
240746  |  7.02  |  7.85  |  7.46  | 
240808  |  7.50  |  7.85  |  7.68  | 
241182  |  6.04  |  7.84  |  7.05  | 
240425  |  7.88  |  7.83  |  7.86  | 
240553  |  7.46  |  7.83  |  7.63  | 
240684  |  8.06  |  7.83  |  7.95  | 
240457  |  8.50  |  7.83  |  8.14  | 
240462  |  6.74  |  7.83  |  7.32  | 
240730  |  7.43  |  7.83  |  7.64  | 
240838  |  7.83  |  7.83  |  7.83  | 
241115  |  5.93  |  7.83  |  6.94  | 
241209  |  5.61  |  7.83  |  6.79  | 
240764  |  7.79  |  7.82  |  7.81  | 
240604  |  7.27  |  7.82  |  7.55  | 
240675  |  7.59  |  7.81  |  7.70  | 
240799  |  7.91  |  7.81  |  7.86  | 
240015  |  8.31  |  7.80  |  8.07  | 
240053  |  8.56  |  7.80  |  8.20  | 
240336  |  9.08  |  7.80  |  8.48  | 
240821  |  7.04  |  7.79  |  7.44  | 
241021  |  6.76  |  7.79  |  7.31  | 
241139  |  6.96  |  7.79  |  7.40  | 
240677  |  6.77  |  7.78  |  7.29  | 
240723  |  8.73  |  7.78  |  8.24  | 
240634  |  6.83  |  7.77  |  7.33  | 
240777  |  7.20  |  7.77  |  7.50  | 
240812  |  7.13  |  7.77  |  7.47  | 
240927  |  6.50  |  7.77  |  7.17  | 
241031  |  6.33  |  7.77  |  7.09  | 
241108  |  7.24  |  7.77  |  7.64  | 
241124  |  8.24  |  7.77  |  7.99  | 
240231  |  6.79  |  7.76  |  7.24  | 
240235  |  7.69  |  7.76  |  7.72  | 
240354  |  8.25  |  7.76  |  8.00  | 
240091  |  7.19  |  7.76  |  7.46  | 
241003  |  5.72  |  7.75  |  6.80  | 
240022  |  7.54  |  7.74  |  7.63  | 
240365  |  7.98  |  7.74  |  7.87  | 
240888  |  8.29  |  7.74  |  8.01  | 
240912  |  6.41  |  7.73  |  7.11  | 
240980  |  8.35  |  7.73  |  8.02  | 
240439  |  6.75  |  7.72  |  7.20  | 
240682  |  7.48  |  7.72  |  7.59  | 
240534  |  7.65  |  7.71  |  7.68  | 
240903  |  7.30  |  7.71  |  7.52  | 
241072  |  6.11  |  7.71  |  6.96  | 
241204  |  6.89  |  7.71  |  7.33  | 
240003  |  6.46  |  7.70  |  7.04  | 
240699  |  6.65  |  7.69  |  7.20  | 
240252  |  8.19  |  7.67  |  7.95  | 
240438  |  7.15  |  7.67  |  7.40  | 
240648  |  6.96  |  7.67  |  7.34  | 
241190  |  7.98  |  7.67  |  7.82  | 
240366  |  5.73  |  7.65  |  6.63  | 
240545  |  6.10  |  7.65  |  6.83  | 
240095  |  6.46  |  7.65  |  7.02  | 
240644  |  8.02  |  7.65  |  7.83  | 
241177  |  7.98  |  7.65  |  7.81  | 
240032  |  8.65  |  7.63  |  8.17  | 
240187  |  7.71  |  7.63  |  7.67  | 
240209  |  7.08  |  7.63  |  7.34  | 
240226  |  6.81  |  7.63  |  7.19  | 
240420  |  7.90  |  7.63  |  7.78  | 
241123  |  7.50  |  7.63  |  7.57  | 
240995  |  7.50  |  7.62  |  7.56  | 
240690  |  7.93  |  7.62  |  7.77  | 
240822  |  6.89  |  7.62  |  7.28  | 
240850  |  6.78  |  7.62  |  7.22  | 
240883  |  7.65  |  7.62  |  7.63  | 
241172  |  7.30  |  7.62  |  7.47  | 
241185  |  6.67  |  7.62  |  7.17  | 
240104  |  7.06  |  7.61  |  7.32  | 
240225  |  6.44  |  7.61  |  6.99  | 
240310  |  7.02  |  7.61  |  7.30  | 
240280  |  8.15  |  7.61  |  7.90  | 
240428  |  7.37  |  7.60  |  7.49  | 
240651  |  8.20  |  7.60  |  7.88  | 
240026  |  6.81  |  7.59  |  7.17  | 
240146  |  8.42  |  7.59  |  8.03  | 
240444  |  7.63  |  7.59  |  7.61  | 
240049  |  7.60  |  7.59  |  7.59  | 
240795  |  7.60  |  7.59  |  7.59  | 
240974  |  7.96  |  7.59  |  7.79  | 
241032  |  7.27  |  7.59  |  7.42  | 
240608  |  7.35  |  7.58  |  7.47  | 
240633  |  6.04  |  7.58  |  6.86  | 
240703  |  6.76  |  7.58  |  7.19  | 
240782  |  7.37  |  7.58  |  7.48  | 
241055  |  6.20  |  7.58  |  6.93  | 
240059  |  7.38  |  7.57  |  7.47  | 
240111  |  9.00  |  7.57  |  8.33  | 
240165  |  9.00  |  7.57  |  7.84  | 
240387  |  7.69  |  7.57  |  7.63  | 
240475  |  6.67  |  7.56  |  7.14  | 
240654  |  7.00  |  7.56  |  7.30  | 
240199  |  5.77  |  7.54  |  6.60  | 
240566  |  6.71  |  7.54  |  7.10  | 
240381  |  7.17  |  7.54  |  7.37  | 
240908  |  6.87  |  7.54  |  7.22  | 
241060  |  6.41  |  7.54  |  7.01  | 
241075  |  8.21  |  7.54  |  7.87  | 
240036  |  7.04  |  7.52  |  7.27  | 
240216  |  7.96  |  7.52  |  7.76  | 
240312  |  7.71  |  7.52  |  7.62  | 
240679  |  7.50  |  7.52  |  7.51  | 
240804  |  5.85  |  7.52  |  6.73  | 
240839  |  7.22  |  7.52  |  7.38  | 
240409  |  8.33  |  7.50  |  7.94  | 
240429  |  6.15  |  7.50  |  6.79  | 
240493  |  6.92  |  7.50  |  7.19  | 
240034  |  7.06  |  7.50  |  7.27  | 
240191  |  6.85  |  7.50  |  7.15  | 
240852  |  6.28  |  7.50  |  6.93  | 
240875  |  7.78  |  7.50  |  7.63  | 
240997  |  7.13  |  7.50  |  7.33  | 
241047  |  8.19  |  7.50  |  7.84  | 
241051  |  6.50  |  7.50  |  7.03  | 
240144  |  6.77  |  7.48  |  7.10  | 
240186  |  7.00  |  7.48  |  7.22  | 
240358  |  7.00  |  7.48  |  7.39  | 
240422  |  7.91  |  7.48  |  7.68  | 
240669  |  6.17  |  7.48  |  6.87  | 
240783  |  7.33  |  7.48  |  7.41  | 
240844  |  7.35  |  7.48  |  7.42  | 
241164  |  6.57  |  7.48  |  7.05  | 
240164  |  8.08  |  7.46  |  7.79  | 
240333  |  7.33  |  7.46  |  7.39  | 
240412  |  6.25  |  7.46  |  6.82  | 
240441  |  8.48  |  7.46  |  8.00  | 
240515  |  8.31  |  7.46  |  7.91  | 
240713  |  7.30  |  7.46  |  7.39  | 
241167  |  6.96  |  7.46  |  7.22  | 
240771  |  7.07  |  7.44  |  7.27  | 
240793  |  6.24  |  7.44  |  6.88  | 
240859  |  7.04  |  7.44  |  7.26  | 
241161  |  7.70  |  7.44  |  7.56  | 
241214  |  8.21  |  7.44  |  7.82  | 
240004  |  7.56  |  7.43  |  7.50  | 
240471  |  8.38  |  7.43  |  7.94  | 
240486  |  7.00  |  7.43  |  7.35  | 
240418  |  6.65  |  7.42  |  7.06  | 
240580  |  7.79  |  7.42  |  7.60  | 
240925  |  6.41  |  7.42  |  6.95  | 
240992  |  6.67  |  7.42  |  7.07  | 
241097  |  6.72  |  7.42  |  7.09  | 
241159  |  4.09  |  7.42  |  5.86  | 
240105  |  7.50  |  7.41  |  7.46  | 
240148  |  9.00  |  7.41  |  7.72  | 
240416  |  6.06  |  7.41  |  6.69  | 
240879  |  7.27  |  7.40  |  7.34  | 
240571  |  5.80  |  7.40  |  6.65  | 
240592  |  6.93  |  7.40  |  7.18  | 
240770  |  7.02  |  7.40  |  7.22  | 
240010  |  8.13  |  7.39  |  7.79  | 
240357  |  7.00  |  7.39  |  7.18  | 
240440  |  7.71  |  7.39  |  7.56  | 
240249  |  7.08  |  7.39  |  7.22  | 
240629  |  6.94  |  7.38  |  7.28  | 
240932  |  6.57  |  7.38  |  7.00  | 
241042  |  6.02  |  7.38  |  6.74  | 
240197  |  7.90  |  7.37  |  7.65  | 
240276  |  6.65  |  7.37  |  6.99  | 
240096  |  7.35  |  7.37  |  7.36  | 
240693  |  6.69  |  7.37  |  7.01  | 
241059  |  6.27  |  7.37  |  6.79  | 
240806  |  7.30  |  7.37  |  7.34  | 
240809  |  6.41  |  7.37  |  6.92  | 
240919  |  6.72  |  7.37  |  7.06  | 
241135  |  7.30  |  7.37  |  7.34  | 
240118  |  7.46  |  7.36  |  7.41  | 
240114  |  6.77  |  7.35  |  7.04  | 
240160  |  6.44  |  7.35  |  6.87  | 
240396  |  7.06  |  7.35  |  7.19  | 
240033  |  6.90  |  7.35  |  7.11  | 
240078  |  6.21  |  7.35  |  6.74  | 
240535  |  6.33  |  7.35  |  6.87  | 
240627  |  6.48  |  7.35  |  6.94  | 
240688  |  5.59  |  7.35  |  6.52  | 
241170  |  6.67  |  7.35  |  7.03  | 
240449  |  8.81  |  7.33  |  8.11  | 
240558  |  7.00  |  7.33  |  7.15  | 
240045  |  5.54  |  7.33  |  6.43  | 
240616  |  5.96  |  7.33  |  6.68  | 
240692  |  7.22  |  7.33  |  7.28  | 
240860  |  6.80  |  7.33  |  7.08  | 
240969  |  7.87  |  7.33  |  7.58  | 
240725  |  6.52  |  7.31  |  6.94  | 
240752  |  5.76  |  7.31  |  6.58  | 
240942  |  6.30  |  7.31  |  6.84  | 
241198  |  6.11  |  7.31  |  6.74  | 
240127  |  6.87  |  7.30  |  7.07  | 
240338  |  7.27  |  7.30  |  7.29  | 
241171  |  7.08  |  7.30  |  7.18  | 
240586  |  6.98  |  7.29  |  7.14  | 
241062  |  6.15  |  7.29  |  6.76  | 
241091  |  6.37  |  7.29  |  6.86  | 
240073  |  7.21  |  7.28  |  7.24  | 
240267  |  6.29  |  7.28  |  6.76  | 
240554  |  7.27  |  7.28  |  7.28  | 
240006  |  7.06  |  7.28  |  7.16  | 
240285  |  6.79  |  7.28  |  7.02  | 
240996  |  6.35  |  7.27  |  6.84  | 
241087  |  5.98  |  7.27  |  6.66  | 
241114  |  6.54  |  7.27  |  6.93  | 
240046  |  7.73  |  7.26  |  7.51  | 
240086  |  7.00  |  7.26  |  7.12  | 
240261  |  6.50  |  7.26  |  6.86  | 
240315  |  7.42  |  7.26  |  7.35  | 
240561  |  7.90  |  7.26  |  7.60  | 
240158  |  8.00  |  7.26  |  7.40  | 
240266  |  7.06  |  7.26  |  7.15  | 
241199  |  6.10  |  7.26  |  6.64  | 
240609  |  7.30  |  7.25  |  7.28  | 
241181  |  5.65  |  7.25  |  6.86  | 
240048  |  7.60  |  7.24  |  7.43  | 
240560  |  7.65  |  7.24  |  7.46  | 
240898  |  7.93  |  7.23  |  7.56  | 
240945  |  6.39  |  7.23  |  6.84  | 
240007  |  7.44  |  7.22  |  7.34  | 
240531  |  6.63  |  7.22  |  6.91  | 
240099  |  6.65  |  7.22  |  6.92  | 
240255  |  6.65  |  7.22  |  6.92  | 
240293  |  4.81  |  7.21  |  6.01  | 
240742  |  6.46  |  7.21  |  6.86  | 
241084  |  7.09  |  7.21  |  7.15  | 
241215  |  6.52  |  7.21  |  6.89  | 
240256  |  7.46  |  7.20  |  7.34  | 
240745  |  6.37  |  7.20  |  6.76  | 
240308  |  5.46  |  7.19  |  6.33  | 
240640  |  6.67  |  7.19  |  6.95  | 
240892  |  5.80  |  7.19  |  6.54  | 
241002  |  6.85  |  7.19  |  7.03  | 
241030  |  6.63  |  7.19  |  6.93  | 
240731  |  7.27  |  7.18  |  7.22  | 
240311  |  6.75  |  7.17  |  6.95  | 
240891  |  6.30  |  7.17  |  6.77  | 
241141  |  6.13  |  7.17  |  6.68  | 
240102  |  7.33  |  7.15  |  7.24  | 
240353  |  7.13  |  7.15  |  7.14  | 
240284  |  7.48  |  7.15  |  7.33  | 
240710  |  7.92  |  7.15  |  7.56  | 
240661  |  6.54  |  7.15  |  6.87  | 
240142  |  6.15  |  7.13  |  6.61  | 
240281  |  5.00  |  7.13  |  6.72  | 
240295  |  7.19  |  7.13  |  7.16  | 
240456  |  7.37  |  7.13  |  7.26  | 
240514  |  5.60  |  7.13  |  6.37  | 
240399  |  3.87  |  7.12  |  5.49  | 
240702  |  8.17  |  7.12  |  7.61  | 
240823  |  3.24  |  7.12  |  6.24  | 
241008  |  6.96  |  7.12  |  7.04  | 
241085  |  6.76  |  7.12  |  6.95  | 
241093  |  5.57  |  7.12  |  6.39  | 
241201  |  6.09  |  7.12  |  6.63  | 
240334  |  6.31  |  7.11  |  6.68  | 
240454  |  7.88  |  7.11  |  7.52  | 
240283  |  7.90  |  7.11  |  7.53  | 
240445  |  7.48  |  7.11  |  7.31  | 
240537  |  7.30  |  7.10  |  7.19  | 
240337  |  7.17  |  7.09  |  7.13  | 
240375  |  7.71  |  7.09  |  7.42  | 
240500  |  7.83  |  7.09  |  7.48  | 
240552  |  7.27  |  7.09  |  7.18  | 
240047  |  6.92  |  7.09  |  7.00  | 
240833  |  5.21  |  7.09  |  6.09  | 
240700  |  6.30  |  7.08  |  6.71  | 
240737  |  6.00  |  7.08  |  6.57  | 
241106  |  5.76  |  7.08  |  6.46  | 
241184  |  7.02  |  7.08  |  7.05  | 
240436  |  8.77  |  7.07  |  7.97  | 
240138  |  6.27  |  7.07  |  6.64  | 
240178  |  7.23  |  7.07  |  7.15  | 
240595  |  7.35  |  7.06  |  7.19  | 
240656  |  5.98  |  7.06  |  6.55  | 
240955  |  6.37  |  7.06  |  6.73  | 
240967  |  5.57  |  7.06  |  6.36  | 
240989  |  6.63  |  7.06  |  6.86  | 
240129  |  7.17  |  7.04  |  7.11  | 
240435  |  7.21  |  7.04  |  7.13  | 
240807  |  5.80  |  7.04  |  6.46  | 
241037  |  7.17  |  7.04  |  7.10  | 
241076  |  6.13  |  7.04  |  6.61  | 
240067  |  6.40  |  7.02  |  6.69  | 
240113  |  6.96  |  7.02  |  6.99  | 
240154  |  6.88  |  7.02  |  6.95  | 
240213  |  5.60  |  7.02  |  6.27  | 
240389  |  5.73  |  7.02  |  6.34  | 
240408  |  7.04  |  7.02  |  7.03  | 
240400  |  7.33  |  7.02  |  7.16  | 
240881  |  6.92  |  7.02  |  6.97  | 
240929  |  6.83  |  7.02  |  6.93  | 
241022  |  6.04  |  7.02  |  6.56  | 
241178  |  6.65  |  7.02  |  6.85  | 
240287  |  6.12  |  7.00  |  6.53  | 
240736  |  7.46  |  7.00  |  7.24  | 
240993  |  6.69  |  7.00  |  6.84  | 
240089  |  7.75  |  6.98  |  7.39  | 
240140  |  5.23  |  6.98  |  6.05  | 
240218  |  8.29  |  6.98  |  7.67  | 
240427  |  7.50  |  6.98  |  7.26  | 
240468  |  5.31  |  6.98  |  6.09  | 
240751  |  7.10  |  6.98  |  7.04  | 
240983  |  6.37  |  6.98  |  6.69  | 
241012  |  7.35  |  6.98  |  7.16  | 
241131  |  5.33  |  6.98  |  6.25  | 
240050  |  6.83  |  6.96  |  6.89  | 
240194  |  7.50  |  6.96  |  7.24  | 
240327  |  8.12  |  6.96  |  7.57  | 
240434  |  8.04  |  6.96  |  7.53  | 
240487  |  6.75  |  6.96  |  6.85  | 
240332  |  7.19  |  6.96  |  7.08  | 
240373  |  6.54  |  6.96  |  6.73  | 
240464  |  7.31  |  6.96  |  7.14  | 
240664  |  5.98  |  6.96  |  6.44  | 
240405  |  5.98  |  6.96  |  6.50  | 
240183  |  7.79  |  6.93  |  7.39  | 
240204  |  6.08  |  6.93  |  6.48  | 
240250  |  6.15  |  6.93  |  6.52  | 
240383  |  6.35  |  6.93  |  6.62  | 
240521  |  5.85  |  6.92  |  6.38  | 
240655  |  6.63  |  6.92  |  6.79  | 
240987  |  5.74  |  6.92  |  6.37  | 
241018  |  6.74  |  6.92  |  6.84  | 
240097  |  6.12  |  6.91  |  6.49  | 
240376  |  7.33  |  6.91  |  7.13  | 
240038  |  6.29  |  6.91  |  6.58  | 
240051  |  6.12  |  6.91  |  6.49  | 
241070  |  5.67  |  6.90  |  6.33  | 
240008  |  6.58  |  6.89  |  6.72  | 
240028  |  7.21  |  6.89  |  7.06  | 
240564  |  6.50  |  6.89  |  6.68  | 
240014  |  7.02  |  6.89  |  6.96  | 
240151  |  6.21  |  6.89  |  6.53  | 
240978  |  6.96  |  6.89  |  6.93  | 
240887  |  6.74  |  6.88  |  6.82  | 
241082  |  5.65  |  6.88  |  6.58  | 
241186  |  5.67  |  6.88  |  6.32  | 
240092  |  6.00  |  6.87  |  6.70  | 
240922  |  5.76  |  6.87  |  6.35  | 
240931  |  6.46  |  6.87  |  6.67  | 
240019  |  6.62  |  6.85  |  6.72  | 
240188  |  7.56  |  6.85  |  7.22  | 
240313  |  7.63  |  6.85  |  7.27  | 
240339  |  6.21  |  6.85  |  6.51  | 
241016  |  7.37  |  6.85  |  7.09  | 
241043  |  5.39  |  6.85  |  6.16  | 
241125  |  5.29  |  6.85  |  6.46  | 
240040  |  6.65  |  6.83  |  6.73  | 
240063  |  7.46  |  6.83  |  7.16  | 
240933  |  6.65  |  6.83  |  6.74  | 
241173  |  6.67  |  6.81  |  6.74  | 
240080  |  6.92  |  6.80  |  6.87  | 
240292  |  7.71  |  6.80  |  7.29  | 
240021  |  5.85  |  6.80  |  6.30  | 
240134  |  6.56  |  6.80  |  6.67  | 
240060  |  5.56  |  6.79  |  6.17  | 
240596  |  5.91  |  6.79  |  6.38  | 
240116  |  6.81  |  6.78  |  6.80  | 
240364  |  7.83  |  6.78  |  7.34  | 
240278  |  4.81  |  6.78  |  5.73  | 
241064  |  6.40  |  6.78  |  6.58  | 
240776  |  7.15  |  6.77  |  6.95  | 
240930  |  5.35  |  6.77  |  6.10  | 
240174  |  6.58  |  6.76  |  6.66  | 
240757  |  6.25  |  6.76  |  6.49  | 
241157  |  7.90  |  6.76  |  7.37  | 
240591  |  6.22  |  6.75  |  6.50  | 
240201  |  6.02  |  6.74  |  6.37  | 
240377  |  7.88  |  6.74  |  7.35  | 
240510  |  6.88  |  6.74  |  6.82  | 
240005  |  6.50  |  6.74  |  6.61  | 
240754  |  6.24  |  6.74  |  6.52  | 
240801  |  6.48  |  6.73  |  6.61  | 
240953  |  6.04  |  6.73  |  6.41  | 
241088  |  5.78  |  6.73  |  6.29  | 
240343  |  6.10  |  6.72  |  6.39  | 
240382  |  6.35  |  6.72  |  6.52  | 
240512  |  6.98  |  6.72  |  6.86  | 
240921  |  6.88  |  6.72  |  6.80  | 
240090  |  6.37  |  6.70  |  6.52  | 
240163  |  7.54  |  6.70  |  7.14  | 
240685  |  6.40  |  6.70  |  6.54  | 
240502  |  3.85  |  6.69  |  5.36  | 
240968  |  6.37  |  6.69  |  6.54  | 
241080  |  7.33  |  6.68  |  7.00  | 
240481  |  6.40  |  6.67  |  6.53  | 
240513  |  6.21  |  6.67  |  6.43  | 
240473  |  6.27  |  6.67  |  6.46  | 
241165  |  7.02  |  6.67  |  6.86  | 
240732  |  6.98  |  6.67  |  6.82  | 
241105  |  5.83  |  6.67  |  6.28  | 
240345  |  5.56  |  6.65  |  6.07  | 
240683  |  4.78  |  6.65  |  5.78  | 
240894  |  6.13  |  6.65  |  6.41  | 
240924  |  6.35  |  6.65  |  6.51  | 
241101  |  6.90  |  6.64  |  6.77  | 
240579  |  5.83  |  6.63  |  6.20  | 
240219  |  6.46  |  6.63  |  6.54  | 
240816  |  7.93  |  6.63  |  7.24  | 
240911  |  6.50  |  6.63  |  6.57  | 
240504  |  6.00  |  6.62  |  6.33  | 
240726  |  2.96  |  6.62  |  4.90  | 
240964  |  6.50  |  6.62  |  6.56  | 
241004  |  5.65  |  6.62  |  6.16  | 
240384  |  6.02  |  6.61  |  6.30  | 
240848  |  5.81  |  6.61  |  6.18  | 
240767  |  6.57  |  6.60  |  6.58  | 
240232  |  6.50  |  6.59  |  6.54  | 
240379  |  6.77  |  6.59  |  6.68  | 
240417  |  6.90  |  6.59  |  6.76  | 
240498  |  6.94  |  6.59  |  6.78  | 
240829  |  6.44  |  6.59  |  6.51  | 
240623  |  6.59  |  6.58  |  6.58  | 
241057  |  6.93  |  6.58  |  6.74  | 
240363  |  5.83  |  6.57  |  6.17  | 
240410  |  6.44  |  6.57  |  6.50  | 
240460  |  8.15  |  6.57  |  7.41  | 
240039  |  7.25  |  6.57  |  6.93  | 
240522  |  7.04  |  6.57  |  6.82  | 
240765  |  6.77  |  6.57  |  6.67  | 
240626  |  5.78  |  6.56  |  6.19  | 
240824  |  5.26  |  6.56  |  5.95  | 
241129  |  6.00  |  6.56  |  6.30  | 
240453  |  7.08  |  6.54  |  6.83  | 
241066  |  6.52  |  6.54  |  6.53  | 
240496  |  5.83  |  6.54  |  6.20  | 
240773  |  6.33  |  6.54  |  6.44  | 
241110  |  5.52  |  6.50  |  6.04  | 
240136  |  6.75  |  6.48  |  6.62  | 
240239  |  6.79  |  6.48  |  6.64  | 
240893  |  6.50  |  6.48  |  6.49  | 
241053  |  5.89  |  6.48  |  6.20  | 
240109  |  6.25  |  6.46  |  6.35  | 
240306  |  7.94  |  6.46  |  7.24  | 
240106  |  6.35  |  6.46  |  6.40  | 
240873  |  3.17  |  6.46  |  4.92  | 
241122  |  7.07  |  6.44  |  6.73  | 
241046  |  7.19  |  6.43  |  6.84  | 
241138  |  5.10  |  6.40  |  5.75  | 
240830  |  5.89  |  6.40  |  6.16  | 
241119  |  5.39  |  6.40  |  5.93  | 
240491  |  5.62  |  6.39  |  5.98  | 
240620  |  6.58  |  6.39  |  6.49  | 
240452  |  5.76  |  6.38  |  6.09  | 
240828  |  5.35  |  6.38  |  5.92  | 
240227  |  6.77  |  6.37  |  6.58  | 
240215  |  6.63  |  6.37  |  6.51  | 
240538  |  7.07  |  6.37  |  6.69  | 
240738  |  4.11  |  6.37  |  5.31  | 
240030  |  6.08  |  6.35  |  6.20  | 
240509  |  6.79  |  6.35  |  6.58  | 
240557  |  6.19  |  6.35  |  6.27  | 
240221  |  7.67  |  6.35  |  7.05  | 
240728  |  5.22  |  6.35  |  5.82  | 
241213  |  6.35  |  6.35  |  6.35  | 
240180  |  7.08  |  6.33  |  6.72  | 
240233  |  6.38  |  6.33  |  6.36  | 
240562  |  4.00  |  6.33  |  5.88  | 
240304  |  3.96  |  6.33  |  5.07  | 
240820  |  7.29  |  6.33  |  6.84  | 
241126  |  6.87  |  6.33  |  6.58  | 
240884  |  5.83  |  6.31  |  6.08  | 
241112  |  6.91  |  6.31  |  6.59  | 
240544  |  6.25  |  6.30  |  6.28  | 
240718  |  5.63  |  6.29  |  5.98  | 
240143  |  7.00  |  6.28  |  6.42  | 
240159  |  6.10  |  6.28  |  6.18  | 
240872  |  6.12  |  6.28  |  6.19  | 
241174  |  6.71  |  6.28  |  6.51  | 
240153  |  5.48  |  6.27  |  5.88  | 
240207  |  5.06  |  6.27  |  5.66  | 
240549  |  6.26  |  6.27  |  6.27  | 
240920  |  6.70  |  6.27  |  6.47  | 
241154  |  4.50  |  6.27  |  5.44  | 
240397  |  7.37  |  6.26  |  6.85  | 
241189  |  6.81  |  6.26  |  6.55  | 
240574  |  4.69  |  6.25  |  5.47  | 
240277  |  6.21  |  6.24  |  6.22  | 
240862  |  7.46  |  6.24  |  6.84  | 
241194  |  6.48  |  6.24  |  6.37  | 
240485  |  4.27  |  6.23  |  5.25  | 
240009  |  4.65  |  6.23  |  5.44  | 
240696  |  5.76  |  6.23  |  6.01  | 
240986  |  7.41  |  6.23  |  6.79  | 
240238  |  6.42  |  6.22  |  6.33  | 
240478  |  5.04  |  6.21  |  5.62  | 
240985  |  6.43  |  6.21  |  6.32  | 
240052  |  6.67  |  6.20  |  6.45  | 
240297  |  5.58  |  6.20  |  5.87  | 
240344  |  6.56  |  6.20  |  6.39  | 
241063  |  6.81  |  6.20  |  6.52  | 
240819  |  4.77  |  6.19  |  5.48  | 
240811  |  4.54  |  6.19  |  5.42  | 
240845  |  5.28  |  6.19  |  5.77  | 
240914  |  5.33  |  6.19  |  5.79  | 
240805  |  6.73  |  6.18  |  6.45  | 
240289  |  5.29  |  6.17  |  5.73  | 
240212  |  5.85  |  6.17  |  6.00  | 
240307  |  8.02  |  6.17  |  7.15  | 
240495  |  5.52  |  6.17  |  5.83  | 
241035  |  6.12  |  6.17  |  6.14  | 
240318  |  7.31  |  6.15  |  6.77  | 
240720  |  5.52  |  6.15  |  5.82  | 
240837  |  6.42  |  6.15  |  6.30  | 
240956  |  6.15  |  6.15  |  6.15  | 
240952  |  6.20  |  6.15  |  6.17  | 
240581  |  5.85  |  6.13  |  5.98  | 
240190  |  6.35  |  6.13  |  6.24  | 
240836  |  5.76  |  6.13  |  5.96  | 
241024  |  5.17  |  6.13  |  5.68  | 
241111  |  4.57  |  6.13  |  5.40  | 
240132  |  6.08  |  6.11  |  6.09  | 
240406  |  7.04  |  6.11  |  6.60  | 
240374  |  6.33  |  6.11  |  6.22  | 
241103  |  5.98  |  6.10  |  6.04  | 
240625  |  6.00  |  6.10  |  6.05  | 
240431  |  5.70  |  6.10  |  5.91  | 
240834  |  5.41  |  6.10  |  5.78  | 
240294  |  5.62  |  6.09  |  5.84  | 
240331  |  5.79  |  6.09  |  5.93  | 
240325  |  7.08  |  6.09  |  6.61  | 
240448  |  5.21  |  6.08  |  5.64  | 
240962  |  4.13  |  6.08  |  5.16  | 
240198  |  6.17  |  6.07  |  6.12  | 
240430  |  5.00  |  6.06  |  5.53  | 
240301  |  5.42  |  6.06  |  5.74  | 
241058  |  5.67  |  6.04  |  5.87  | 
241203  |  3.67  |  6.04  |  4.93  | 
240214  |  4.92  |  6.02  |  5.44  | 
240556  |  5.38  |  6.02  |  5.68  | 
240610  |  7.23  |  6.02  |  6.66  | 
241191  |  6.83  |  6.02  |  6.45  | 
240108  |  5.48  |  6.00  |  5.72  | 
240758  |  5.91  |  6.00  |  5.96  | 
240517  |  6.12  |  5.98  |  6.05  | 
240624  |  5.09  |  5.98  |  5.56  | 
240750  |  5.13  |  5.98  |  5.58  | 
240013  |  5.77  |  5.96  |  5.86  | 
240288  |  5.75  |  5.96  |  5.85  | 
240341  |  6.85  |  5.96  |  6.43  | 
240540  |  6.13  |  5.96  |  6.05  | 
240568  |  6.25  |  5.96  |  6.11  | 
240264  |  6.37  |  5.96  |  6.17  | 
240714  |  4.77  |  5.96  |  5.37  | 
240676  |  8.17  |  5.96  |  7.04  | 
240802  |  5.96  |  5.94  |  5.95  | 
240466  |  5.96  |  5.93  |  5.95  | 
240072  |  6.10  |  5.93  |  6.02  | 
240948  |  6.94  |  5.93  |  6.47  | 
240273  |  4.67  |  5.92  |  5.30  | 
240691  |  4.59  |  5.92  |  5.30  | 
240565  |  5.90  |  5.91  |  5.91  | 
240957  |  5.67  |  5.90  |  5.80  | 
241069  |  5.54  |  5.90  |  5.73  | 
240093  |  5.10  |  5.89  |  5.47  | 
240362  |  3.71  |  5.89  |  4.73  | 
241207  |  6.35  |  5.88  |  6.10  | 
240082  |  4.98  |  5.87  |  5.40  | 
240328  |  4.98  |  5.85  |  5.41  | 
241081  |  3.98  |  5.85  |  4.86  | 
240934  |  4.33  |  5.85  |  5.13  | 
240179  |  4.58  |  5.83  |  5.16  | 
240622  |  6.62  |  5.83  |  6.24  | 
240394  |  4.43  |  5.81  |  5.16  | 
240432  |  6.62  |  5.80  |  6.23  | 
240659  |  5.10  |  5.80  |  5.43  | 
240694  |  6.25  |  5.80  |  6.04  | 
240407  |  5.44  |  5.79  |  5.62  | 
240646  |  4.11  |  5.79  |  5.00  | 
240098  |  6.08  |  5.78  |  5.94  | 
240800  |  5.19  |  5.78  |  5.49  | 
240729  |  6.12  |  5.78  |  5.96  | 
240461  |  5.65  |  5.77  |  5.71  | 
240470  |  6.83  |  5.77  |  6.27  | 
240247  |  6.17  |  5.76  |  5.98  | 
240913  |  5.65  |  5.75  |  5.70  | 
241074  |  5.37  |  5.75  |  5.57  | 
240206  |  4.37  |  5.74  |  5.01  | 
240695  |  5.19  |  5.71  |  5.45  | 
240743  |  6.48  |  5.71  |  6.07  | 
240169  |  5.71  |  5.70  |  5.70  | 
240262  |  5.63  |  5.70  |  5.66  | 
240347  |  7.96  |  5.67  |  6.89  | 
240507  |  3.42  |  5.67  |  4.48  | 
240542  |  0.00  |  5.67  |  4.58  | 
240228  |  3.38  |  5.65  |  4.45  | 
240161  |  4.15  |  5.63  |  4.85  | 
240378  |  5.31  |  5.61  |  5.45  | 
240835  |  5.94  |  5.60  |  5.77  | 
240326  |  6.40  |  5.59  |  6.02  | 
240741  |  0.00  |  5.59  |  4.51  | 
240279  |  4.75  |  5.58  |  5.16  | 
240350  |  5.54  |  5.57  |  5.55  | 
240865  |  6.33  |  5.54  |  5.96  | 
240853  |  5.07  |  5.54  |  5.32  | 
240479  |  6.73  |  5.52  |  6.16  | 
240786  |  5.74  |  5.52  |  5.62  | 
241050  |  5.98  |  5.52  |  5.73  | 
240404  |  0.00  |  5.51  |  5.51  | 
240572  |  4.81  |  5.50  |  5.15  | 
240139  |  4.90  |  5.48  |  5.19  | 
241014  |  5.43  |  5.48  |  5.46  | 
240619  |  4.50  |  5.46  |  5.01  | 
240458  |  4.50  |  5.44  |  4.97  | 
241193  |  6.02  |  5.44  |  5.71  | 
240990  |  5.00  |  5.42  |  5.22  | 
240195  |  4.83  |  5.37  |  5.08  | 
241089  |  5.33  |  5.33  |  5.33  | 
240057  |  2.37  |  5.29  |  3.91  | 
240612  |  3.74  |  5.29  |  4.56  | 
241015  |  4.78  |  5.29  |  5.05  | 
240272  |  5.06  |  5.28  |  5.16  | 
241098  |  5.56  |  5.28  |  5.43  | 
241175  |  4.83  |  5.27  |  5.06  | 
240205  |  3.92  |  5.26  |  4.55  | 
240419  |  5.12  |  5.24  |  5.17  | 
240547  |  5.38  |  5.24  |  5.32  | 
240258  |  4.71  |  5.24  |  4.96  | 
240946  |  3.33  |  5.23  |  4.28  | 
241100  |  5.60  |  5.21  |  5.40  | 
240794  |  6.06  |  5.20  |  5.65  | 
240796  |  5.58  |  5.19  |  5.38  | 
240414  |  4.96  |  5.17  |  5.06  | 
240329  |  5.06  |  5.15  |  5.11  | 
240847  |  4.80  |  5.15  |  4.99  | 
240511  |  4.71  |  5.13  |  4.92  | 
240698  |  6.63  |  5.13  |  5.93  | 
240841  |  5.38  |  5.13  |  5.27  | 
240781  |  5.41  |  5.12  |  5.19  | 
240259  |  4.96  |  5.10  |  5.03  | 
240122  |  2.63  |  5.09  |  3.90  | 
240300  |  1.56  |  5.06  |  2.97  | 
240617  |  5.96  |  5.04  |  5.47  | 
240240  |  5.46  |  4.98  |  5.23  | 
240977  |  3.30  |  4.98  |  4.24  | 
240348  |  2.98  |  4.95  |  3.85  | 
240463  |  6.12  |  4.93  |  5.56  | 
240477  |  5.35  |  4.92  |  5.13  | 
240193  |  5.15  |  4.90  |  5.03  | 
240349  |  5.72  |  4.90  |  5.29  | 
240846  |  4.41  |  4.90  |  4.67  | 
240403  |  4.81  |  4.89  |  4.85  | 
240123  |  5.75  |  4.89  |  5.35  | 
240843  |  5.24  |  4.88  |  5.05  | 
240961  |  5.78  |  4.88  |  5.31  | 
241168  |  4.92  |  4.85  |  4.88  | 
241038  |  5.28  |  4.85  |  5.05  | 
240286  |  3.56  |  4.83  |  4.19  | 
240598  |  4.11  |  4.83  |  4.49  | 
240686  |  4.09  |  4.83  |  4.48  | 
240998  |  6.78  |  4.81  |  5.73  | 
240083  |  4.56  |  4.79  |  4.67  | 
240371  |  4.77  |  4.79  |  4.78  | 
241180  |  3.09  |  4.77  |  3.98  | 
240878  |  4.76  |  4.75  |  4.76  | 
240910  |  4.59  |  4.75  |  4.67  | 
241127  |  5.80  |  4.75  |  5.24  | 
240126  |  6.35  |  4.74  |  5.59  | 
240370  |  4.65  |  4.72  |  4.68  | 
240372  |  7.19  |  4.72  |  6.03  | 
240523  |  5.46  |  4.72  |  5.11  | 
240643  |  6.04  |  4.72  |  5.37  | 
240145  |  3.60  |  4.71  |  4.15  | 
240901  |  5.20  |  4.71  |  4.94  | 
240772  |  5.62  |  4.70  |  5.15  | 
240230  |  4.21  |  4.70  |  4.44  | 
240938  |  3.76  |  4.65  |  4.23  | 
240135  |  5.50  |  4.63  |  5.09  | 
240305  |  6.15  |  4.63  |  5.44  | 
240323  |  5.65  |  4.59  |  5.15  | 
241109  |  4.41  |  4.56  |  4.49  | 
240211  |  4.04  |  4.52  |  4.28  | 
240673  |  2.93  |  4.50  |  3.77  | 
240936  |  2.96  |  4.50  |  3.78  | 
240085  |  2.98  |  4.48  |  3.68  | 
240162  |  5.15  |  4.46  |  4.83  | 
240492  |  4.41  |  4.46  |  4.44  | 
241086  |  5.85  |  4.46  |  5.11  | 
240392  |  3.00  |  4.39  |  3.65  | 
240897  |  5.11  |  4.38  |  4.72  | 
240011  |  5.96  |  4.37  |  5.21  | 
240237  |  5.52  |  4.35  |  4.97  | 
241142  |  4.44  |  4.33  |  4.39  | 
240482  |  5.98  |  4.31  |  5.26  | 
240474  |  4.42  |  4.27  |  4.35  | 
240803  |  6.83  |  4.25  |  5.46  | 
240269  |  5.17  |  4.22  |  4.72  | 
240321  |  4.06  |  4.22  |  4.13  | 
240503  |  4.33  |  4.20  |  4.27  | 
240667  |  4.43  |  4.19  |  4.31  | 
240012  |  5.10  |  4.15  |  4.65  | 
240041  |  3.56  |  4.13  |  3.85  | 
240840  |  3.98  |  4.09  |  4.03  | 
240600  |  5.04  |  4.07  |  4.58  | 
240607  |  5.13  |  3.94  |  4.50  | 
240851  |  3.67  |  3.93  |  3.80  | 
240905  |  4.61  |  3.93  |  4.23  | 
240886  |  5.00  |  3.92  |  4.45  | 
240303  |  5.23  |  3.91  |  4.61  | 
240548  |  4.88  |  3.89  |  4.42  | 
241163  |  5.02  |  3.87  |  4.48  | 
240322  |  5.37  |  3.85  |  4.65  | 
241099  |  3.71  |  3.84  |  3.78  | 
240505  |  3.40  |  3.77  |  3.59  | 
240386  |  3.67  |  3.75  |  3.71  | 
240818  |  4.62  |  3.74  |  4.20  | 
240597  |  3.90  |  3.74  |  3.81  | 
240070  |  3.67  |  3.72  |  3.69  | 
240248  |  3.38  |  3.67  |  3.52  | 
241033  |  4.42  |  3.67  |  4.07  | 
240724  |  3.11  |  3.64  |  3.40  | 
240951  |  4.57  |  3.62  |  4.06  | 
241197  |  4.91  |  3.62  |  4.22  | 
240555  |  3.15  |  3.61  |  3.37  | 
240855  |  4.54  |  3.59  |  4.09  | 
241134  |  3.25  |  3.54  |  3.39  | 
240827  |  5.04  |  3.52  |  4.33  | 
241077  |  3.37  |  3.51  |  3.44  | 
240704  |  4.38  |  3.23  |  3.81  | 
240133  |  2.98  |  3.21  |  3.10  | 
240778  |  5.48  |  3.16  |  4.25  | 
240395  |  4.17  |  3.15  |  3.66  | 
241133  |  4.06  |  3.15  |  3.61  | 
240711  |  3.96  |  3.02  |  3.46  | 
240260  |  3.56  |  3.00  |  3.28  | 
240680  |  2.65  |  2.94  |  2.81  | 
240251  |  5.31  |  2.87  |  4.16  | 
240254  |  3.58  |  2.79  |  3.18  | 
240671  |  3.44  |  2.77  |  3.15  | 
240302  |  2.90  |  2.74  |  2.83  | 
241083  |  4.12  |  2.65  |  3.38  | 
240274  |  0.69  |  2.54  |  1.62  | 
240029  |  4.81  |  2.50  |  3.68  | 
240275  |  4.02  |  2.37  |  3.24  | 
240636  |  4.62  |  2.28  |  3.43  | 
241068  |  4.38  |  2.24  |  3.29  | 
241065  |  1.00  |  2.00  |  1.47  | 
240663  |  2.47  |  1.98  |  2.10  | 
240817  |  4.15  |  1.90  |  2.96  | 
240398  |  2.90  |  1.79  |  2.35  | 
240716  |  2.13  |  1.17  |  1.62  | 
240415  |  0.00  |  0.00  |  0.00  | 
240094  |  8.15  |  0.00  |  8.15  | 
240309  |  2.38  |  0.00  |  1.91  | 
240689  |  0.00  |  0.00  |  0.00  | 
